10291 -1 #SUP: 472
10295 -1 #SUP: 2009
10299 -1 #SUP: 721
10303 -1 #SUP: 461
10307 -1 #SUP: 2797
10311 -1 #SUP: 2371
10315 -1 #SUP: 3449
10331 -1 #SUP: 690
10335 -1 #SUP: 1167
10339 -1 #SUP: 455
10833 -1 #SUP: 310
10841 -1 #SUP: 328
10849 -1 #SUP: 318
10857 -1 #SUP: 448
10861 -1 #SUP: 469
10877 -1 #SUP: 1389
10881 -1 #SUP: 389
12299 -1 #SUP: 562
12339 -1 #SUP: 910
12355 -1 #SUP: 1089
12367 -1 #SUP: 383
12399 -1 #SUP: 320
12403 -1 #SUP: 411
12407 -1 #SUP: 756
12411 -1 #SUP: 797
12419 -1 #SUP: 331
12431 -1 #SUP: 1198
12447 -1 #SUP: 388
12451 -1 #SUP: 314
12459 -1 #SUP: 345
12463 -1 #SUP: 797
12467 -1 #SUP: 474
12479 -1 #SUP: 731
12483 -1 #SUP: 2049
12487 -1 #SUP: 2268
12491 -1 #SUP: 440
12495 -1 #SUP: 543
12515 -1 #SUP: 410
12523 -1 #SUP: 449
12527 -1 #SUP: 463
12531 -1 #SUP: 410
12547 -1 #SUP: 471
12551 -1 #SUP: 527
12555 -1 #SUP: 477
12559 -1 #SUP: 1099
12567 -1 #SUP: 890
12571 -1 #SUP: 676
12575 -1 #SUP: 485
12603 -1 #SUP: 648
12607 -1 #SUP: 365
12611 -1 #SUP: 587
12621 -1 #SUP: 1488
12627 -1 #SUP: 781
12647 -1 #SUP: 411
12655 -1 #SUP: 758
12659 -1 #SUP: 1006
12663 -1 #SUP: 1793
12667 -1 #SUP: 570
12675 -1 #SUP: 553
12679 -1 #SUP: 1788
12683 -1 #SUP: 779
12687 -1 #SUP: 724
12691 -1 #SUP: 1002
12695 -1 #SUP: 1422
12703 -1 #SUP: 1948
12711 -1 #SUP: 521
12715 -1 #SUP: 1214
12719 -1 #SUP: 377
12723 -1 #SUP: 1267
12727 -1 #SUP: 486
12731 -1 #SUP: 345
12735 -1 #SUP: 439
12739 -1 #SUP: 407
12743 -1 #SUP: 462
12747 -1 #SUP: 511
12751 -1 #SUP: 1039
12755 -1 #SUP: 652
12759 -1 #SUP: 845
12763 -1 #SUP: 696
12767 -1 #SUP: 409
12771 -1 #SUP: 671
12775 -1 #SUP: 438
12779 -1 #SUP: 794
12783 -1 #SUP: 945
12787 -1 #SUP: 440
12795 -1 #SUP: 908
12807 -1 #SUP: 583
12815 -1 #SUP: 704
12819 -1 #SUP: 1113
12823 -1 #SUP: 605
12827 -1 #SUP: 1017
12831 -1 #SUP: 1180
12835 -1 #SUP: 533
12843 -1 #SUP: 396
12847 -1 #SUP: 473
12855 -1 #SUP: 436
12867 -1 #SUP: 483
12871 -1 #SUP: 379
12875 -1 #SUP: 1355
12879 -1 #SUP: 410
12883 -1 #SUP: 498
12887 -1 #SUP: 308
12895 -1 #SUP: 3623
12903 -1 #SUP: 351
12907 -1 #SUP: 448
18423 -1 #SUP: 347
18427 -1 #SUP: 439
18527 -1 #SUP: 300
18547 -1 #SUP: 407
18619 -1 #SUP: 457
18691 -1 #SUP: 467
18707 -1 #SUP: 412
18723 -1 #SUP: 319
18787 -1 #SUP: 736
18831 -1 #SUP: 410
18855 -1 #SUP: 334
18863 -1 #SUP: 863
18871 -1 #SUP: 394
18879 -1 #SUP: 355
20807 -1 #SUP: 475
32201 -1 #SUP: 596
32205 -1 #SUP: 871
32209 -1 #SUP: 516
32213 -1 #SUP: 1616
33425 -1 #SUP: 405
33429 -1 #SUP: 600
33433 -1 #SUP: 891
33437 -1 #SUP: 386
33449 -1 #SUP: 3658
33453 -1 #SUP: 651
33469 -1 #SUP: 3612
34885 -1 #SUP: 937
34889 -1 #SUP: 755
34893 -1 #SUP: 1201
34897 -1 #SUP: 682
34901 -1 #SUP: 617
34905 -1 #SUP: 723
34921 -1 #SUP: 336
34929 -1 #SUP: 319
35185 -1 #SUP: 639
35213 -1 #SUP: 358
47945 -1 #SUP: 620
47949 -1 #SUP: 512
47953 -1 #SUP: 561
47957 -1 #SUP: 627
47965 -1 #SUP: 329
47973 -1 #SUP: 337
48667 -1 #SUP: 491
48675 -1 #SUP: 587
48707 -1 #SUP: 335
10295 -1 10299 -1 #SUP: 323
10295 -1 10307 -1 #SUP: 916
10295 -1 10311 -1 #SUP: 738
10295 -1 10315 -1 #SUP: 722
10295 -1 12695 -1 #SUP: 336
10295 -1 12895 -1 #SUP: 398
10299 -1 10307 -1 #SUP: 460
10307 -1 10311 -1 #SUP: 621
10307 -1 10315 -1 #SUP: 496
10307 -1 12895 -1 #SUP: 439
10311 -1 10315 -1 #SUP: 771
10311 -1 12483 -1 #SUP: 469
10311 -1 12487 -1 #SUP: 615
10311 -1 12703 -1 #SUP: 576
10311 -1 12875 -1 #SUP: 337
10311 -1 32213 -1 #SUP: 463
10315 -1 10335 -1 #SUP: 426
10315 -1 12483 -1 #SUP: 356
10315 -1 12487 -1 #SUP: 381
10315 -1 12703 -1 #SUP: 330
10315 -1 12895 -1 #SUP: 356
12483 -1 12487 -1 #SUP: 877
12483 -1 12703 -1 #SUP: 337
12487 -1 12703 -1 #SUP: 631
12487 -1 12875 -1 #SUP: 432
12487 -1 32213 -1 #SUP: 506
12487 -1 34893 -1 #SUP: 351
12679 -1 12683 -1 #SUP: 326
12679 -1 12703 -1 #SUP: 385
12679 -1 12895 -1 #SUP: 411
12695 -1 12703 -1 #SUP: 615
12703 -1 12875 -1 #SUP: 303
12703 -1 32213 -1 #SUP: 571
12703 -1 34893 -1 #SUP: 320
12795 -1 12819 -1 #SUP: 307
12795 -1 12831 -1 #SUP: 359
12815 -1 12895 -1 #SUP: 552
12827 -1 12895 -1 #SUP: 590
12895 -1 33449 -1 #SUP: 345
32205 -1 32213 -1 #SUP: 381
33433 -1 33449 -1 #SUP: 424
33433 -1 33453 -1 #SUP: 305
33433 -1 33469 -1 #SUP: 509
33449 -1 33469 -1 #SUP: 1204
33453 -1 33469 -1 #SUP: 403
10295 -1 10307 -1 10311 -1 #SUP: 417
10295 -1 10307 -1 10315 -1 #SUP: 335
10295 -1 10311 -1 10315 -1 #SUP: 351
10311 -1 12483 -1 12487 -1 #SUP: 310
10311 -1 12487 -1 12703 -1 #SUP: 322
12487 -1 12703 -1 32213 -1 #SUP: 315
