12339 -1 #SUP: 910
10295 -1 #SUP: 2009
10295 -1 10307 -1 #SUP: 916
10295 -1 10311 -1 #SUP: 738
10295 -1 10315 -1 #SUP: 722
10299 -1 #SUP: 721
10307 -1 #SUP: 2797
10307 -1 10311 -1 #SUP: 621
12355 -1 #SUP: 1089
34885 -1 #SUP: 937
10311 -1 #SUP: 2371
10311 -1 12487 -1 #SUP: 615
10311 -1 10315 -1 #SUP: 771
34889 -1 #SUP: 755
10315 -1 #SUP: 3449
34893 -1 #SUP: 1201
34897 -1 #SUP: 682
34901 -1 #SUP: 617
34905 -1 #SUP: 723
10331 -1 #SUP: 690
10335 -1 #SUP: 1167
12407 -1 #SUP: 756
12411 -1 #SUP: 797
12431 -1 #SUP: 1198
12463 -1 #SUP: 797
12479 -1 #SUP: 731
12483 -1 #SUP: 2049
12483 -1 12487 -1 #SUP: 877
12487 -1 #SUP: 2268
12487 -1 12703 -1 #SUP: 631
12559 -1 #SUP: 1099
12567 -1 #SUP: 890
12571 -1 #SUP: 676
12603 -1 #SUP: 648
12621 -1 #SUP: 1488
12627 -1 #SUP: 781
18787 -1 #SUP: 736
12655 -1 #SUP: 758
35185 -1 #SUP: 639
12659 -1 #SUP: 1006
12663 -1 #SUP: 1793
12679 -1 #SUP: 1788
12683 -1 #SUP: 779
12687 -1 #SUP: 724
12691 -1 #SUP: 1002
12695 -1 #SUP: 1422
12695 -1 12703 -1 #SUP: 615
12703 -1 #SUP: 1948
12715 -1 #SUP: 1214
18863 -1 #SUP: 863
12723 -1 #SUP: 1267
32205 -1 #SUP: 871
12751 -1 #SUP: 1039
12755 -1 #SUP: 652
32213 -1 #SUP: 1616
12759 -1 #SUP: 845
12763 -1 #SUP: 696
12771 -1 #SUP: 671
12779 -1 #SUP: 794
12783 -1 #SUP: 945
12795 -1 #SUP: 908
12815 -1 #SUP: 704
12819 -1 #SUP: 1113
12823 -1 #SUP: 605
12827 -1 #SUP: 1017
12831 -1 #SUP: 1180
12875 -1 #SUP: 1355
12895 -1 #SUP: 3623
10877 -1 #SUP: 1389
33429 -1 #SUP: 600
33433 -1 #SUP: 891
33449 -1 #SUP: 3658
33449 -1 33469 -1 #SUP: 1204
33453 -1 #SUP: 651
33469 -1 #SUP: 3612
47945 -1 #SUP: 620
47957 -1 #SUP: 627
