12299 -1 #SUP: 562
18443 -1 #SUP: 126
18447 -1 #SUP: 235
18459 -1 #SUP: 180
12323 -1 #SUP: 167
12327 -1 #SUP: 294
12331 -1 #SUP: 208
12335 -1 #SUP: 204
10291 -1 #SUP: 472
10291 -1 10295 -1 #SUP: 158
10291 -1 10299 -1 #SUP: 121
10291 -1 10307 -1 #SUP: 126
12339 -1 #SUP: 910
12339 -1 12387 -1 #SUP: 134
12339 -1 35185 -1 #SUP: 251
10295 -1 #SUP: 2009
10295 -1 12815 -1 #SUP: 156
10295 -1 12815 -1 12895 -1 #SUP: 137
10295 -1 12819 -1 #SUP: 202
10295 -1 12827 -1 #SUP: 201
10295 -1 12827 -1 12895 -1 #SUP: 158
10295 -1 12831 -1 #SUP: 217
10295 -1 10299 -1 #SUP: 323
10295 -1 10299 -1 10307 -1 #SUP: 297
10295 -1 10299 -1 10307 -1 10311 -1 #SUP: 167
10295 -1 10299 -1 10307 -1 10315 -1 #SUP: 137
10295 -1 10299 -1 10311 -1 #SUP: 175
10295 -1 10299 -1 10315 -1 #SUP: 143
10295 -1 10307 -1 #SUP: 916
10295 -1 10307 -1 12819 -1 #SUP: 121
10295 -1 10307 -1 12827 -1 #SUP: 148
10295 -1 10307 -1 12827 -1 12895 -1 #SUP: 121
10295 -1 10307 -1 12831 -1 #SUP: 148
10295 -1 10307 -1 10311 -1 #SUP: 417
10295 -1 10307 -1 10311 -1 10315 -1 #SUP: 205
10295 -1 10307 -1 10311 -1 12895 -1 #SUP: 133
10295 -1 10307 -1 10311 -1 12703 -1 #SUP: 121
10295 -1 10307 -1 10315 -1 #SUP: 335
10295 -1 10307 -1 12895 -1 #SUP: 246
10295 -1 10307 -1 33449 -1 #SUP: 148
10295 -1 10307 -1 33469 -1 #SUP: 142
10295 -1 10307 -1 12483 -1 #SUP: 128
10295 -1 10307 -1 12487 -1 #SUP: 152
10295 -1 10307 -1 12679 -1 #SUP: 145
10295 -1 10307 -1 12683 -1 #SUP: 129
10295 -1 10307 -1 12695 -1 #SUP: 213
10295 -1 10307 -1 12703 -1 #SUP: 159
10295 -1 10307 -1 12795 -1 #SUP: 128
10295 -1 10311 -1 #SUP: 738
10295 -1 10311 -1 10315 -1 #SUP: 351
10295 -1 10311 -1 12895 -1 #SUP: 187
10295 -1 10311 -1 12483 -1 #SUP: 155
10295 -1 10311 -1 12487 -1 #SUP: 182
10295 -1 10311 -1 12695 -1 #SUP: 156
10295 -1 10311 -1 12703 -1 #SUP: 187
10295 -1 10315 -1 #SUP: 722
10295 -1 10315 -1 10335 -1 #SUP: 153
10295 -1 10315 -1 12895 -1 #SUP: 172
10295 -1 10315 -1 12487 -1 #SUP: 146
10295 -1 10315 -1 12695 -1 #SUP: 134
10295 -1 10315 -1 12703 -1 #SUP: 127
10295 -1 12875 -1 #SUP: 130
10295 -1 10331 -1 #SUP: 130
10295 -1 12895 -1 #SUP: 398
10295 -1 10335 -1 #SUP: 195
10295 -1 33433 -1 #SUP: 140
10295 -1 33449 -1 #SUP: 280
10295 -1 33449 -1 33469 -1 #SUP: 155
10295 -1 12463 -1 #SUP: 140
10295 -1 33469 -1 #SUP: 228
10295 -1 12479 -1 #SUP: 153
10295 -1 12483 -1 #SUP: 227
10295 -1 12483 -1 12487 -1 #SUP: 141
10295 -1 12487 -1 #SUP: 266
10295 -1 12627 -1 #SUP: 122
10295 -1 12663 -1 #SUP: 126
10295 -1 12679 -1 #SUP: 211
10295 -1 12683 -1 #SUP: 175
10295 -1 12691 -1 #SUP: 172
10295 -1 12695 -1 #SUP: 336
10295 -1 12695 -1 12895 -1 #SUP: 125
10295 -1 12695 -1 12703 -1 #SUP: 162
10295 -1 12703 -1 #SUP: 259
10295 -1 32201 -1 #SUP: 122
10295 -1 32205 -1 #SUP: 167
10295 -1 32213 -1 #SUP: 169
10295 -1 12795 -1 #SUP: 199
12343 -1 #SUP: 267
18487 -1 #SUP: 218
10299 -1 #SUP: 721
10299 -1 10307 -1 #SUP: 460
10299 -1 10307 -1 10311 -1 #SUP: 216
10299 -1 10307 -1 10315 -1 #SUP: 166
10299 -1 10311 -1 #SUP: 238
10299 -1 10311 -1 10315 -1 #SUP: 121
10299 -1 10315 -1 #SUP: 186
10299 -1 12895 -1 #SUP: 124
12347 -1 #SUP: 275
12351 -1 #SUP: 192
10303 -1 #SUP: 461
10303 -1 10307 -1 #SUP: 131
10307 -1 #SUP: 2797
10307 -1 12815 -1 #SUP: 165
10307 -1 12815 -1 12895 -1 #SUP: 144
10307 -1 12819 -1 #SUP: 181
10307 -1 12827 -1 #SUP: 212
10307 -1 12827 -1 12895 -1 #SUP: 159
10307 -1 12831 -1 #SUP: 233
10307 -1 10311 -1 #SUP: 621
10307 -1 10311 -1 10315 -1 #SUP: 288
10307 -1 10311 -1 12895 -1 #SUP: 152
10307 -1 10311 -1 12483 -1 #SUP: 143
10307 -1 10311 -1 12487 -1 #SUP: 168
10307 -1 10311 -1 12695 -1 #SUP: 127
10307 -1 10311 -1 12703 -1 #SUP: 167
10307 -1 10311 -1 32213 -1 #SUP: 120
10307 -1 10315 -1 #SUP: 496
10307 -1 10315 -1 12487 -1 #SUP: 127
10307 -1 12875 -1 #SUP: 126
10307 -1 12895 -1 #SUP: 439
10307 -1 10335 -1 #SUP: 158
10307 -1 33433 -1 #SUP: 136
10307 -1 33449 -1 #SUP: 228
10307 -1 33449 -1 33469 -1 #SUP: 132
10307 -1 33469 -1 #SUP: 242
10307 -1 12479 -1 #SUP: 155
10307 -1 12483 -1 #SUP: 239
10307 -1 12483 -1 12487 -1 #SUP: 130
10307 -1 12487 -1 #SUP: 263
10307 -1 12621 -1 #SUP: 179
10307 -1 12663 -1 #SUP: 193
10307 -1 12679 -1 #SUP: 286
10307 -1 12679 -1 12895 -1 #SUP: 136
10307 -1 12683 -1 #SUP: 178
10307 -1 12691 -1 #SUP: 159
10307 -1 12695 -1 #SUP: 281
10307 -1 12695 -1 12703 -1 #SUP: 139
10307 -1 12703 -1 #SUP: 254
10307 -1 32201 -1 #SUP: 153
10307 -1 32205 -1 #SUP: 157
10307 -1 32213 -1 #SUP: 179
10307 -1 12759 -1 #SUP: 141
10307 -1 12795 -1 #SUP: 180
12355 -1 #SUP: 1089
12355 -1 12895 -1 #SUP: 176
12355 -1 12431 -1 #SUP: 121
12355 -1 12663 -1 #SUP: 120
12355 -1 18863 -1 #SUP: 207
12355 -1 12783 -1 #SUP: 151
12355 -1 12783 -1 12895 -1 #SUP: 123
12355 -1 12783 -1 18863 -1 #SUP: 126
18499 -1 #SUP: 260
34885 -1 #SUP: 937
34885 -1 34889 -1 #SUP: 185
34885 -1 34893 -1 #SUP: 230
34885 -1 34893 -1 34897 -1 #SUP: 122
34885 -1 34897 -1 #SUP: 289
34885 -1 34905 -1 #SUP: 149
10311 -1 #SUP: 2371
10311 -1 12819 -1 #SUP: 128
10311 -1 12827 -1 #SUP: 171
10311 -1 12831 -1 #SUP: 171
10311 -1 12875 -1 #SUP: 337
10311 -1 12875 -1 34893 -1 #SUP: 122
10311 -1 12875 -1 32213 -1 #SUP: 133
10311 -1 10315 -1 #SUP: 771
10311 -1 10315 -1 12895 -1 #SUP: 136
10311 -1 10315 -1 10335 -1 #SUP: 133
10311 -1 10315 -1 12483 -1 #SUP: 182
10311 -1 10315 -1 12483 -1 12487 -1 #SUP: 123
10311 -1 10315 -1 12487 -1 #SUP: 227
10311 -1 10315 -1 12487 -1 12703 -1 #SUP: 127
10311 -1 10315 -1 12695 -1 #SUP: 122
10311 -1 10315 -1 12703 -1 #SUP: 204
10311 -1 10315 -1 32213 -1 #SUP: 156
10311 -1 34893 -1 #SUP: 246
10311 -1 12895 -1 #SUP: 281
10311 -1 10335 -1 #SUP: 163
10311 -1 33449 -1 #SUP: 170
10311 -1 33469 -1 #SUP: 151
10311 -1 12479 -1 #SUP: 158
10311 -1 12479 -1 12487 -1 #SUP: 121
10311 -1 12483 -1 #SUP: 469
10311 -1 12483 -1 12875 -1 #SUP: 148
10311 -1 12483 -1 12487 -1 #SUP: 310
10311 -1 12483 -1 12487 -1 12875 -1 #SUP: 128
10311 -1 12483 -1 12487 -1 12703 -1 #SUP: 154
10311 -1 12483 -1 12703 -1 #SUP: 186
10311 -1 12483 -1 32213 -1 #SUP: 144
10311 -1 12487 -1 #SUP: 615
10311 -1 12487 -1 12875 -1 #SUP: 222
10311 -1 12487 -1 34893 -1 #SUP: 162
10311 -1 12487 -1 12571 -1 #SUP: 130
10311 -1 12487 -1 12703 -1 #SUP: 322
10311 -1 12487 -1 12703 -1 12875 -1 #SUP: 136
10311 -1 12487 -1 12703 -1 34893 -1 #SUP: 128
10311 -1 12487 -1 12703 -1 32213 -1 #SUP: 200
10311 -1 12487 -1 32213 -1 #SUP: 256
10311 -1 12487 -1 32213 -1 34893 -1 #SUP: 122
10311 -1 12571 -1 #SUP: 181
10311 -1 12571 -1 12703 -1 #SUP: 127
10311 -1 12575 -1 #SUP: 128
10311 -1 12663 -1 #SUP: 122
10311 -1 12679 -1 #SUP: 190
10311 -1 12683 -1 #SUP: 126
10311 -1 12695 -1 #SUP: 256
10311 -1 12695 -1 12703 -1 #SUP: 196
10311 -1 12703 -1 #SUP: 576
10311 -1 12703 -1 12875 -1 #SUP: 167
10311 -1 12703 -1 34893 -1 #SUP: 164
10311 -1 12703 -1 32213 -1 #SUP: 295
10311 -1 12703 -1 32213 -1 34893 -1 #SUP: 130
10311 -1 32205 -1 #SUP: 151
10311 -1 32213 -1 #SUP: 463
10311 -1 32213 -1 34893 -1 #SUP: 160
10311 -1 12759 -1 #SUP: 120
10311 -1 12795 -1 #SUP: 122
34889 -1 #SUP: 755
34889 -1 34893 -1 #SUP: 132
34889 -1 34897 -1 #SUP: 129
34889 -1 34901 -1 #SUP: 248
34889 -1 34901 -1 34905 -1 #SUP: 144
34889 -1 34905 -1 #SUP: 230
18507 -1 #SUP: 202
10315 -1 #SUP: 3449
10315 -1 12819 -1 #SUP: 153
10315 -1 12827 -1 #SUP: 176
10315 -1 12827 -1 12895 -1 #SUP: 120
10315 -1 12831 -1 #SUP: 225
10315 -1 12875 -1 #SUP: 208
10315 -1 10331 -1 #SUP: 252
10315 -1 10331 -1 10335 -1 #SUP: 121
10315 -1 10335 -1 #SUP: 426
10315 -1 12895 -1 #SUP: 356
10315 -1 10339 -1 #SUP: 242
10315 -1 33449 -1 #SUP: 228
10315 -1 33469 -1 #SUP: 187
10315 -1 12479 -1 #SUP: 163
10315 -1 12483 -1 #SUP: 356
10315 -1 12483 -1 12487 -1 #SUP: 182
10315 -1 12487 -1 #SUP: 381
10315 -1 12487 -1 12703 -1 #SUP: 173
10315 -1 12487 -1 32213 -1 #SUP: 148
10315 -1 12571 -1 #SUP: 120
10315 -1 12621 -1 #SUP: 174
10315 -1 12663 -1 #SUP: 120
10315 -1 12679 -1 #SUP: 225
10315 -1 12683 -1 #SUP: 128
10315 -1 12691 -1 #SUP: 139
10315 -1 12695 -1 #SUP: 233
10315 -1 12695 -1 12703 -1 #SUP: 143
10315 -1 12703 -1 #SUP: 330
10315 -1 12703 -1 32213 -1 #SUP: 150
10315 -1 32201 -1 #SUP: 129
10315 -1 32205 -1 #SUP: 156
10315 -1 32213 -1 #SUP: 274
10315 -1 12759 -1 #SUP: 146
10315 -1 12795 -1 #SUP: 135
34893 -1 #SUP: 1201
34893 -1 34897 -1 #SUP: 212
12367 -1 #SUP: 383
12367 -1 12395 -1 #SUP: 132
12367 -1 12431 -1 #SUP: 120
10319 -1 #SUP: 149
18511 -1 #SUP: 145
34897 -1 #SUP: 682
34897 -1 34901 -1 #SUP: 120
34897 -1 34905 -1 #SUP: 138
12371 -1 #SUP: 240
34901 -1 #SUP: 617
34901 -1 34905 -1 #SUP: 210
10327 -1 #SUP: 232
34905 -1 #SUP: 723
10331 -1 #SUP: 690
10331 -1 10335 -1 #SUP: 235
18523 -1 #SUP: 182
34909 -1 #SUP: 257
18527 -1 #SUP: 300
10335 -1 #SUP: 1167
34913 -1 #SUP: 291
12387 -1 #SUP: 151
10339 -1 #SUP: 455
34917 -1 #SUP: 247
34921 -1 #SUP: 336
34921 -1 34925 -1 #SUP: 139
12395 -1 #SUP: 294
34925 -1 #SUP: 278
12399 -1 #SUP: 320
12399 -1 12411 -1 #SUP: 122
34929 -1 #SUP: 319
12403 -1 #SUP: 411
18547 -1 #SUP: 407
12407 -1 #SUP: 756
12407 -1 12411 -1 #SUP: 176
18551 -1 #SUP: 130
12411 -1 #SUP: 797
12419 -1 #SUP: 331
18563 -1 #SUP: 198
12427 -1 #SUP: 211
12431 -1 #SUP: 1198
12431 -1 12895 -1 #SUP: 129
12431 -1 18863 -1 #SUP: 245
12431 -1 12751 -1 #SUP: 177
12431 -1 12751 -1 18863 -1 #SUP: 172
12439 -1 #SUP: 296
18583 -1 #SUP: 122
18587 -1 #SUP: 221
12443 -1 #SUP: 137
12447 -1 #SUP: 388
18595 -1 #SUP: 128
12451 -1 #SUP: 314
18599 -1 #SUP: 165
12459 -1 #SUP: 345
18603 -1 #SUP: 230
47277 -1 #SUP: 164
12463 -1 #SUP: 797
12463 -1 12895 -1 #SUP: 121
12463 -1 12487 -1 #SUP: 204
12463 -1 12491 -1 #SUP: 122
12463 -1 12495 -1 #SUP: 125
12463 -1 12691 -1 #SUP: 123
12463 -1 12795 -1 #SUP: 120
18611 -1 #SUP: 129
12467 -1 #SUP: 474
12471 -1 #SUP: 230
18619 -1 #SUP: 457
12475 -1 #SUP: 207
12479 -1 #SUP: 731
12479 -1 12895 -1 #SUP: 127
12479 -1 12483 -1 #SUP: 290
12479 -1 12483 -1 12487 -1 #SUP: 198
12479 -1 12487 -1 #SUP: 285
12479 -1 12695 -1 #SUP: 122
12483 -1 #SUP: 2049
12483 -1 12827 -1 #SUP: 154
12483 -1 12831 -1 #SUP: 160
12483 -1 12875 -1 #SUP: 290
12483 -1 34893 -1 #SUP: 215
12483 -1 12895 -1 #SUP: 188
12483 -1 33449 -1 #SUP: 150
12483 -1 12487 -1 #SUP: 877
12483 -1 12487 -1 12875 -1 #SUP: 228
12483 -1 12487 -1 34893 -1 #SUP: 167
12483 -1 12487 -1 12695 -1 #SUP: 139
12483 -1 12487 -1 12703 -1 #SUP: 259
12483 -1 12487 -1 12703 -1 32213 -1 #SUP: 128
12483 -1 12487 -1 32213 -1 #SUP: 192
12483 -1 12571 -1 #SUP: 124
12483 -1 12679 -1 #SUP: 142
12483 -1 12687 -1 #SUP: 125
12483 -1 12695 -1 #SUP: 189
12483 -1 12695 -1 12703 -1 #SUP: 137
12483 -1 12703 -1 #SUP: 337
12483 -1 12703 -1 12875 -1 #SUP: 122
12483 -1 12703 -1 34893 -1 #SUP: 130
12483 -1 12703 -1 32213 -1 #SUP: 155
12483 -1 32205 -1 #SUP: 143
12483 -1 32213 -1 #SUP: 273
12487 -1 #SUP: 2268
12487 -1 12827 -1 #SUP: 157
12487 -1 12831 -1 #SUP: 163
12487 -1 12875 -1 #SUP: 432
12487 -1 12875 -1 34893 -1 #SUP: 187
12487 -1 12875 -1 32213 -1 #SUP: 156
12487 -1 34893 -1 #SUP: 351
12487 -1 12895 -1 #SUP: 226
12487 -1 33449 -1 #SUP: 170
12487 -1 33469 -1 #SUP: 134
12487 -1 12495 -1 #SUP: 147
12487 -1 12571 -1 #SUP: 247
12487 -1 12571 -1 12703 -1 #SUP: 154
12487 -1 12571 -1 32213 -1 #SUP: 138
12487 -1 12575 -1 #SUP: 129
12487 -1 12679 -1 #SUP: 160
12487 -1 12683 -1 #SUP: 124
12487 -1 12691 -1 #SUP: 129
12487 -1 12695 -1 #SUP: 256
12487 -1 12695 -1 12703 -1 #SUP: 204
12487 -1 12703 -1 #SUP: 631
12487 -1 12703 -1 12875 -1 #SUP: 216
12487 -1 12703 -1 12875 -1 34893 -1 #SUP: 131
12487 -1 12703 -1 12875 -1 32213 -1 #SUP: 120
12487 -1 12703 -1 34893 -1 #SUP: 225
12487 -1 12703 -1 32213 -1 #SUP: 315
12487 -1 12703 -1 32213 -1 34893 -1 #SUP: 147
12487 -1 32205 -1 #SUP: 150
12487 -1 32205 -1 32213 -1 #SUP: 121
12487 -1 32213 -1 #SUP: 506
12487 -1 32213 -1 34893 -1 #SUP: 185
46281 -1 #SUP: 201
12491 -1 #SUP: 440
12491 -1 12495 -1 #SUP: 122
18635 -1 #SUP: 167
46285 -1 #SUP: 150
12495 -1 #SUP: 543
46289 -1 #SUP: 193
18643 -1 #SUP: 204
46293 -1 #SUP: 138
12515 -1 #SUP: 410
12519 -1 #SUP: 159
12523 -1 #SUP: 449
12523 -1 12527 -1 #SUP: 153
12523 -1 12531 -1 #SUP: 160
12527 -1 #SUP: 463
12527 -1 12531 -1 #SUP: 147
12527 -1 12691 -1 #SUP: 121
18671 -1 #SUP: 128
12531 -1 #SUP: 410
18675 -1 #SUP: 234
12535 -1 #SUP: 185
18683 -1 #SUP: 211
18691 -1 #SUP: 467
12547 -1 #SUP: 471
12551 -1 #SUP: 527
18695 -1 #SUP: 177
12555 -1 #SUP: 477
12559 -1 #SUP: 1099
18703 -1 #SUP: 145
18707 -1 #SUP: 412
12563 -1 #SUP: 242
12567 -1 #SUP: 890
12571 -1 #SUP: 676
12571 -1 12575 -1 #SUP: 246
12571 -1 12875 -1 #SUP: 138
12571 -1 34893 -1 #SUP: 143
12571 -1 12703 -1 #SUP: 222
12571 -1 12703 -1 32213 -1 #SUP: 137
12571 -1 32213 -1 #SUP: 212
12575 -1 #SUP: 485
12575 -1 12703 -1 #SUP: 127
12575 -1 32213 -1 #SUP: 125
18723 -1 #SUP: 319
12579 -1 #SUP: 244
18727 -1 #SUP: 222
12583 -1 #SUP: 229
12587 -1 #SUP: 223
12591 -1 #SUP: 264
12595 -1 #SUP: 219
12603 -1 #SUP: 648
12603 -1 12621 -1 #SUP: 185
12607 -1 #SUP: 365
12611 -1 #SUP: 587
12611 -1 12621 -1 #SUP: 225
12611 -1 12755 -1 #SUP: 139
20807 -1 #SUP: 475
12615 -1 #SUP: 237
12621 -1 #SUP: 1488
12621 -1 12895 -1 #SUP: 137
12621 -1 18863 -1 #SUP: 171
35149 -1 #SUP: 272
35153 -1 #SUP: 240
35153 -1 35169 -1 #SUP: 129
12627 -1 #SUP: 781
12627 -1 12691 -1 #SUP: 143
35157 -1 #SUP: 212
35157 -1 35169 -1 #SUP: 121
12631 -1 #SUP: 293
35161 -1 #SUP: 148
18779 -1 #SUP: 141
12635 -1 #SUP: 169
35165 -1 #SUP: 232
35169 -1 #SUP: 272
18787 -1 #SUP: 736
12643 -1 #SUP: 251
12647 -1 #SUP: 411
12647 -1 12651 -1 #SUP: 122
12647 -1 12655 -1 #SUP: 184
12647 -1 12667 -1 #SUP: 122
35177 -1 #SUP: 255
12651 -1 #SUP: 196
18795 -1 #SUP: 178
35181 -1 #SUP: 290
12655 -1 #SUP: 758
18799 -1 #SUP: 140
35185 -1 #SUP: 639
12659 -1 #SUP: 1006
12663 -1 #SUP: 1793
12663 -1 12895 -1 #SUP: 258
12663 -1 12667 -1 #SUP: 269
12663 -1 12671 -1 #SUP: 130
12663 -1 12679 -1 #SUP: 239
12663 -1 12679 -1 12895 -1 #SUP: 133
12667 -1 #SUP: 570
12667 -1 12671 -1 #SUP: 159
54653 -1 #SUP: 173
18815 -1 #SUP: 171
12671 -1 #SUP: 297
54657 -1 #SUP: 133
12675 -1 #SUP: 553
35205 -1 #SUP: 164
54661 -1 #SUP: 251
12679 -1 #SUP: 1788
12679 -1 12827 -1 #SUP: 168
12679 -1 12827 -1 12895 -1 #SUP: 144
12679 -1 12831 -1 #SUP: 160
12679 -1 12895 -1 #SUP: 411
12679 -1 12683 -1 #SUP: 326
12679 -1 12683 -1 12895 -1 #SUP: 136
12679 -1 12683 -1 12695 -1 #SUP: 129
12679 -1 12683 -1 12703 -1 #SUP: 144
12679 -1 12691 -1 #SUP: 147
12679 -1 12695 -1 #SUP: 256
12679 -1 12695 -1 12895 -1 #SUP: 121
12679 -1 12695 -1 12703 -1 #SUP: 189
12679 -1 12703 -1 #SUP: 385
12679 -1 12703 -1 12895 -1 #SUP: 142
12679 -1 33449 -1 #SUP: 183
54665 -1 #SUP: 143
12683 -1 #SUP: 779
12683 -1 12827 -1 #SUP: 132
12683 -1 12831 -1 #SUP: 148
12683 -1 12895 -1 #SUP: 203
12683 -1 12687 -1 #SUP: 169
12683 -1 12687 -1 12691 -1 #SUP: 125
12683 -1 12691 -1 #SUP: 214
12683 -1 12691 -1 12695 -1 #SUP: 142
12683 -1 12695 -1 #SUP: 285
12683 -1 12695 -1 12703 -1 #SUP: 159
12683 -1 12703 -1 #SUP: 248
12683 -1 33449 -1 #SUP: 172
12683 -1 33469 -1 #SUP: 128
35213 -1 #SUP: 358
54669 -1 #SUP: 152
18831 -1 #SUP: 410
12687 -1 #SUP: 724
12687 -1 12831 -1 #SUP: 124
12687 -1 12691 -1 #SUP: 207
12687 -1 12691 -1 12695 -1 #SUP: 120
12687 -1 12695 -1 #SUP: 170
12687 -1 12703 -1 #SUP: 172
54673 -1 #SUP: 233
12691 -1 #SUP: 1002
12691 -1 12819 -1 #SUP: 130
12691 -1 12831 -1 #SUP: 151
12691 -1 34885 -1 #SUP: 140
12691 -1 12895 -1 #SUP: 174
12691 -1 33425 -1 #SUP: 133
12691 -1 33429 -1 #SUP: 138
12691 -1 12695 -1 #SUP: 297
12691 -1 12695 -1 12703 -1 #SUP: 156
12691 -1 12703 -1 #SUP: 237
12691 -1 33449 -1 #SUP: 201
12691 -1 33469 -1 #SUP: 130
12691 -1 12795 -1 #SUP: 126
12695 -1 #SUP: 1422
12695 -1 12819 -1 #SUP: 129
12695 -1 12827 -1 #SUP: 140
12695 -1 12831 -1 #SUP: 186
12695 -1 12875 -1 #SUP: 122
12695 -1 12895 -1 #SUP: 266
12695 -1 12703 -1 #SUP: 615
12695 -1 12703 -1 12895 -1 #SUP: 169
12695 -1 12703 -1 33449 -1 #SUP: 121
12695 -1 12703 -1 32213 -1 #SUP: 131
12695 -1 33449 -1 #SUP: 267
12695 -1 33449 -1 33469 -1 #SUP: 134
12695 -1 33469 -1 #SUP: 193
12695 -1 32205 -1 #SUP: 139
12695 -1 32213 -1 #SUP: 167
12695 -1 12795 -1 #SUP: 154
12703 -1 #SUP: 1948
12703 -1 12827 -1 #SUP: 164
12703 -1 12827 -1 12895 -1 #SUP: 126
12703 -1 12831 -1 #SUP: 154
12703 -1 12875 -1 #SUP: 303
12703 -1 12875 -1 34893 -1 #SUP: 153
12703 -1 12875 -1 32213 -1 #SUP: 149
12703 -1 34893 -1 #SUP: 320
12703 -1 12895 -1 #SUP: 252
12703 -1 33449 -1 #SUP: 193
12703 -1 33469 -1 #SUP: 145
12703 -1 32205 -1 #SUP: 149
12703 -1 32205 -1 32213 -1 #SUP: 122
12703 -1 32213 -1 #SUP: 571
12703 -1 32213 -1 34893 -1 #SUP: 196
18847 -1 #SUP: 166
18855 -1 #SUP: 334
12711 -1 #SUP: 521
12711 -1 12715 -1 #SUP: 122
12715 -1 #SUP: 1214
12715 -1 12723 -1 #SUP: 237
12719 -1 #SUP: 377
18863 -1 #SUP: 863
12723 -1 #SUP: 1267
12723 -1 12727 -1 #SUP: 215
12727 -1 #SUP: 486
18871 -1 #SUP: 394
12731 -1 #SUP: 345
18879 -1 #SUP: 355
12735 -1 #SUP: 439
12735 -1 12743 -1 #SUP: 124
12735 -1 12759 -1 #SUP: 189
12735 -1 12763 -1 #SUP: 179
48575 -1 #SUP: 241
12739 -1 #SUP: 407
12739 -1 12759 -1 #SUP: 150
12739 -1 12763 -1 #SUP: 125
12739 -1 12779 -1 #SUP: 121
18883 -1 #SUP: 175
32197 -1 #SUP: 280
32197 -1 32205 -1 #SUP: 134
12743 -1 #SUP: 462
12743 -1 12759 -1 #SUP: 139
12743 -1 12763 -1 #SUP: 184
12743 -1 12779 -1 #SUP: 161
32201 -1 #SUP: 596
32201 -1 32205 -1 #SUP: 261
32201 -1 32205 -1 32209 -1 #SUP: 120
32201 -1 32205 -1 32213 -1 #SUP: 141
32201 -1 32209 -1 #SUP: 190
32201 -1 32213 -1 #SUP: 200
12747 -1 #SUP: 511
12747 -1 12751 -1 #SUP: 157
32205 -1 #SUP: 871
32205 -1 33449 -1 #SUP: 150
32205 -1 32209 -1 #SUP: 180
32205 -1 32213 -1 #SUP: 381
12751 -1 #SUP: 1039
12751 -1 12895 -1 #SUP: 142
12751 -1 18863 -1 #SUP: 259
32209 -1 #SUP: 516
12755 -1 #SUP: 652
12755 -1 12771 -1 #SUP: 196
32213 -1 #SUP: 1616
32213 -1 33449 -1 #SUP: 145
32213 -1 34893 -1 #SUP: 275
12759 -1 #SUP: 845
12759 -1 12763 -1 #SUP: 176
12759 -1 12771 -1 #SUP: 126
12759 -1 12779 -1 #SUP: 147
32217 -1 #SUP: 152
12763 -1 #SUP: 696
12763 -1 12779 -1 #SUP: 196
32221 -1 #SUP: 233
12767 -1 #SUP: 409
12771 -1 #SUP: 671
12775 -1 #SUP: 438
12779 -1 #SUP: 794
12783 -1 #SUP: 945
12783 -1 12895 -1 #SUP: 149
12783 -1 18863 -1 #SUP: 133
12783 -1 12787 -1 #SUP: 142
12787 -1 #SUP: 440
12795 -1 #SUP: 908
12795 -1 12815 -1 #SUP: 139
12795 -1 12819 -1 #SUP: 307
12795 -1 12819 -1 12831 -1 #SUP: 151
12795 -1 12827 -1 #SUP: 121
12795 -1 12831 -1 #SUP: 359
12795 -1 12831 -1 12895 -1 #SUP: 128
12795 -1 12895 -1 #SUP: 228
12795 -1 33449 -1 #SUP: 123
12799 -1 #SUP: 181
48639 -1 #SUP: 121
12803 -1 #SUP: 273
12807 -1 #SUP: 583
12811 -1 #SUP: 129
12815 -1 #SUP: 704
12815 -1 12827 -1 #SUP: 202
12815 -1 12827 -1 12895 -1 #SUP: 197
12815 -1 12895 -1 #SUP: 552
48655 -1 #SUP: 189
12819 -1 #SUP: 1113
12819 -1 12823 -1 #SUP: 131
12819 -1 12831 -1 #SUP: 213
12819 -1 12895 -1 #SUP: 214
48659 -1 #SUP: 139
12823 -1 #SUP: 605
12823 -1 12831 -1 #SUP: 133
48663 -1 #SUP: 284
48663 -1 48667 -1 #SUP: 217
12827 -1 #SUP: 1017
12827 -1 12831 -1 #SUP: 202
12827 -1 12831 -1 12895 -1 #SUP: 120
12827 -1 12875 -1 #SUP: 183
12827 -1 12875 -1 12895 -1 #SUP: 120
12827 -1 12895 -1 #SUP: 590
12827 -1 12895 -1 33449 -1 #SUP: 138
12827 -1 33449 -1 #SUP: 178
12827 -1 33469 -1 #SUP: 133
48667 -1 #SUP: 491
48667 -1 48675 -1 #SUP: 212
48667 -1 48671 -1 #SUP: 125
12831 -1 #SUP: 1180
12831 -1 12875 -1 #SUP: 122
12831 -1 12895 -1 #SUP: 250
12831 -1 33449 -1 #SUP: 167
12831 -1 33469 -1 #SUP: 140
48671 -1 #SUP: 197
12835 -1 #SUP: 533
48675 -1 #SUP: 587
12839 -1 #SUP: 256
48679 -1 #SUP: 153
12843 -1 #SUP: 396
48683 -1 #SUP: 186
12847 -1 #SUP: 473
48687 -1 #SUP: 163
12851 -1 #SUP: 209
12855 -1 #SUP: 436
12859 -1 #SUP: 152
12863 -1 #SUP: 158
12867 -1 #SUP: 483
48707 -1 #SUP: 335
12871 -1 #SUP: 379
12871 -1 12895 -1 #SUP: 131
48711 -1 #SUP: 187
47687 -1 #SUP: 195
12875 -1 #SUP: 1355
12875 -1 34893 -1 #SUP: 259
12875 -1 12895 -1 #SUP: 257
12875 -1 32213 -1 #SUP: 216
12875 -1 32213 -1 34893 -1 #SUP: 130
10829 -1 #SUP: 207
12879 -1 #SUP: 410
10833 -1 #SUP: 310
12883 -1 #SUP: 498
12887 -1 #SUP: 308
10841 -1 #SUP: 328
12891 -1 #SUP: 209
10845 -1 #SUP: 148
12895 -1 #SUP: 3623
12895 -1 34885 -1 #SUP: 163
12895 -1 33433 -1 #SUP: 131
12895 -1 33449 -1 #SUP: 345
12895 -1 33449 -1 33469 -1 #SUP: 183
12895 -1 18863 -1 #SUP: 246
12895 -1 33469 -1 #SUP: 268
12895 -1 32205 -1 #SUP: 120
12895 -1 32213 -1 #SUP: 130
10849 -1 #SUP: 318
12899 -1 #SUP: 157
12903 -1 #SUP: 351
10857 -1 #SUP: 448
10857 -1 10861 -1 #SUP: 204
10857 -1 10865 -1 #SUP: 142
12907 -1 #SUP: 448
10861 -1 #SUP: 469
10861 -1 10865 -1 #SUP: 151
10865 -1 #SUP: 295
10877 -1 #SUP: 1389
10877 -1 12339 -1 #SUP: 156
10877 -1 12355 -1 #SUP: 122
10881 -1 #SUP: 389
33425 -1 #SUP: 405
33425 -1 33429 -1 #SUP: 183
33425 -1 33449 -1 #SUP: 168
33425 -1 34885 -1 #SUP: 144
33429 -1 #SUP: 600
33429 -1 33449 -1 #SUP: 262
33429 -1 33449 -1 34885 -1 #SUP: 121
33429 -1 34885 -1 #SUP: 192
33433 -1 #SUP: 891
33433 -1 33449 -1 #SUP: 424
33433 -1 33449 -1 33453 -1 #SUP: 165
33433 -1 33449 -1 33453 -1 33469 -1 #SUP: 127
33433 -1 33449 -1 33469 -1 #SUP: 284
33433 -1 33453 -1 #SUP: 305
33433 -1 33453 -1 33465 -1 #SUP: 123
33433 -1 33453 -1 33469 -1 #SUP: 189
33433 -1 33465 -1 #SUP: 176
33433 -1 33469 -1 #SUP: 509
33437 -1 #SUP: 386
33437 -1 33449 -1 #SUP: 140
33437 -1 33469 -1 #SUP: 122
33441 -1 #SUP: 260
33445 -1 #SUP: 186
33449 -1 #SUP: 3658
33449 -1 33453 -1 #SUP: 281
33449 -1 33453 -1 33469 -1 #SUP: 219
33449 -1 33465 -1 #SUP: 141
33449 -1 33469 -1 #SUP: 1204
33449 -1 34885 -1 #SUP: 238
33449 -1 34889 -1 #SUP: 135
33449 -1 34897 -1 #SUP: 145
33449 -1 34905 -1 #SUP: 128
33453 -1 #SUP: 651
33453 -1 33465 -1 #SUP: 136
33453 -1 33469 -1 #SUP: 403
33457 -1 #SUP: 206
33461 -1 #SUP: 173
33465 -1 #SUP: 297
33465 -1 33469 -1 #SUP: 139
33469 -1 #SUP: 3612
52973 -1 #SUP: 184
47945 -1 #SUP: 620
47945 -1 47949 -1 #SUP: 148
47945 -1 47973 -1 #SUP: 210
47949 -1 #SUP: 512
47949 -1 47953 -1 #SUP: 182
47953 -1 #SUP: 561
47953 -1 47957 -1 #SUP: 251
47953 -1 47965 -1 #SUP: 153
47957 -1 #SUP: 627
47961 -1 #SUP: 191
47965 -1 #SUP: 329
47973 -1 #SUP: 337
18423 -1 #SUP: 347
18427 -1 #SUP: 439
