12299 -1 #SUP: 562
10291 -1 #SUP: 472
12339 -1 #SUP: 910
10295 -1 #SUP: 2009
10295 -1 10299 -1 #SUP: 323
10295 -1 10307 -1 #SUP: 916
10295 -1 10307 -1 10311 -1 #SUP: 417
10295 -1 10307 -1 10315 -1 #SUP: 335
10295 -1 10311 -1 #SUP: 738
10295 -1 10311 -1 10315 -1 #SUP: 351
10295 -1 10315 -1 #SUP: 722
10295 -1 12895 -1 #SUP: 398
10295 -1 12695 -1 #SUP: 336
10299 -1 #SUP: 721
10299 -1 10307 -1 #SUP: 460
10303 -1 #SUP: 461
10307 -1 #SUP: 2797
10307 -1 10311 -1 #SUP: 621
10307 -1 10315 -1 #SUP: 496
10307 -1 12895 -1 #SUP: 439
12355 -1 #SUP: 1089
34885 -1 #SUP: 937
10311 -1 #SUP: 2371
10311 -1 12875 -1 #SUP: 337
10311 -1 10315 -1 #SUP: 771
10311 -1 12703 -1 #SUP: 576
10311 -1 12483 -1 #SUP: 469
10311 -1 12483 -1 12487 -1 #SUP: 310
10311 -1 12487 -1 #SUP: 615
10311 -1 12487 -1 12703 -1 #SUP: 322
10311 -1 32213 -1 #SUP: 463
34889 -1 #SUP: 755
10315 -1 #SUP: 3449
10315 -1 10335 -1 #SUP: 426
10315 -1 12895 -1 #SUP: 356
10315 -1 12703 -1 #SUP: 330
10315 -1 12483 -1 #SUP: 356
10315 -1 12487 -1 #SUP: 381
34893 -1 #SUP: 1201
12367 -1 #SUP: 383
34897 -1 #SUP: 682
34901 -1 #SUP: 617
34905 -1 #SUP: 723
10331 -1 #SUP: 690
18527 -1 #SUP: 300
10335 -1 #SUP: 1167
10339 -1 #SUP: 455
34921 -1 #SUP: 336
12399 -1 #SUP: 320
34929 -1 #SUP: 319
12403 -1 #SUP: 411
18547 -1 #SUP: 407
12407 -1 #SUP: 756
12411 -1 #SUP: 797
12419 -1 #SUP: 331
12431 -1 #SUP: 1198
12447 -1 #SUP: 388
12451 -1 #SUP: 314
12459 -1 #SUP: 345
12463 -1 #SUP: 797
12467 -1 #SUP: 474
18619 -1 #SUP: 457
12479 -1 #SUP: 731
12483 -1 #SUP: 2049
12483 -1 12703 -1 #SUP: 337
12483 -1 12487 -1 #SUP: 877
12487 -1 #SUP: 2268
12487 -1 12875 -1 #SUP: 432
12487 -1 34893 -1 #SUP: 351
12487 -1 12703 -1 #SUP: 631
12487 -1 12703 -1 32213 -1 #SUP: 315
12487 -1 32213 -1 #SUP: 506
12491 -1 #SUP: 440
12495 -1 #SUP: 543
12515 -1 #SUP: 410
12523 -1 #SUP: 449
12527 -1 #SUP: 463
12531 -1 #SUP: 410
18691 -1 #SUP: 467
12547 -1 #SUP: 471
12551 -1 #SUP: 527
12555 -1 #SUP: 477
12559 -1 #SUP: 1099
18707 -1 #SUP: 412
12567 -1 #SUP: 890
12571 -1 #SUP: 676
12575 -1 #SUP: 485
18723 -1 #SUP: 319
12603 -1 #SUP: 648
12607 -1 #SUP: 365
12611 -1 #SUP: 587
20807 -1 #SUP: 475
12621 -1 #SUP: 1488
12627 -1 #SUP: 781
18787 -1 #SUP: 736
12647 -1 #SUP: 411
12655 -1 #SUP: 758
35185 -1 #SUP: 639
12659 -1 #SUP: 1006
12663 -1 #SUP: 1793
12667 -1 #SUP: 570
12675 -1 #SUP: 553
12679 -1 #SUP: 1788
12679 -1 12683 -1 #SUP: 326
12679 -1 12703 -1 #SUP: 385
12679 -1 12895 -1 #SUP: 411
12683 -1 #SUP: 779
35213 -1 #SUP: 358
18831 -1 #SUP: 410
12687 -1 #SUP: 724
12691 -1 #SUP: 1002
12695 -1 #SUP: 1422
12695 -1 12703 -1 #SUP: 615
12703 -1 #SUP: 1948
12703 -1 12875 -1 #SUP: 303
12703 -1 34893 -1 #SUP: 320
12703 -1 32213 -1 #SUP: 571
18855 -1 #SUP: 334
12711 -1 #SUP: 521
12715 -1 #SUP: 1214
12719 -1 #SUP: 377
18863 -1 #SUP: 863
12723 -1 #SUP: 1267
12727 -1 #SUP: 486
18871 -1 #SUP: 394
12731 -1 #SUP: 345
18879 -1 #SUP: 355
12735 -1 #SUP: 439
12739 -1 #SUP: 407
12743 -1 #SUP: 462
32201 -1 #SUP: 596
12747 -1 #SUP: 511
32205 -1 #SUP: 871
32205 -1 32213 -1 #SUP: 381
12751 -1 #SUP: 1039
32209 -1 #SUP: 516
12755 -1 #SUP: 652
32213 -1 #SUP: 1616
12759 -1 #SUP: 845
12763 -1 #SUP: 696
12767 -1 #SUP: 409
12771 -1 #SUP: 671
12775 -1 #SUP: 438
12779 -1 #SUP: 794
12783 -1 #SUP: 945
12787 -1 #SUP: 440
12795 -1 #SUP: 908
12795 -1 12819 -1 #SUP: 307
12795 -1 12831 -1 #SUP: 359
12807 -1 #SUP: 583
12815 -1 #SUP: 704
12815 -1 12895 -1 #SUP: 552
12819 -1 #SUP: 1113
12823 -1 #SUP: 605
12827 -1 #SUP: 1017
12827 -1 12895 -1 #SUP: 590
48667 -1 #SUP: 491
12831 -1 #SUP: 1180
12835 -1 #SUP: 533
48675 -1 #SUP: 587
12843 -1 #SUP: 396
12847 -1 #SUP: 473
12855 -1 #SUP: 436
12867 -1 #SUP: 483
48707 -1 #SUP: 335
12871 -1 #SUP: 379
12875 -1 #SUP: 1355
12879 -1 #SUP: 410
10833 -1 #SUP: 310
12883 -1 #SUP: 498
12887 -1 #SUP: 308
10841 -1 #SUP: 328
12895 -1 #SUP: 3623
12895 -1 33449 -1 #SUP: 345
10849 -1 #SUP: 318
12903 -1 #SUP: 351
10857 -1 #SUP: 448
12907 -1 #SUP: 448
10861 -1 #SUP: 469
10877 -1 #SUP: 1389
10881 -1 #SUP: 389
33425 -1 #SUP: 405
33429 -1 #SUP: 600
33433 -1 #SUP: 891
33433 -1 33449 -1 #SUP: 424
33433 -1 33453 -1 #SUP: 305
33433 -1 33469 -1 #SUP: 509
33437 -1 #SUP: 386
33449 -1 #SUP: 3658
33449 -1 33469 -1 #SUP: 1204
33453 -1 #SUP: 651
33453 -1 33469 -1 #SUP: 403
33469 -1 #SUP: 3612
47945 -1 #SUP: 620
47949 -1 #SUP: 512
47953 -1 #SUP: 561
47957 -1 #SUP: 627
47965 -1 #SUP: 329
47973 -1 #SUP: 337
18423 -1 #SUP: 347
18427 -1 #SUP: 439
