12803 -1 #SUP: 73
12803 -1 12819 -1 #SUP: 30
12807 -1 #SUP: 183
12807 -1 12819 -1 #SUP: 32
12807 -1 12895 -1 #SUP: 31
18439 -1 #SUP: 33
12299 -1 #SUP: 194
12299 -1 12367 -1 #SUP: 33
12299 -1 12419 -1 #SUP: 42
18443 -1 #SUP: 34
12811 -1 #SUP: 47
18447 -1 #SUP: 53
12815 -1 #SUP: 231
12815 -1 12819 -1 #SUP: 34
12815 -1 12827 -1 #SUP: 50
12815 -1 12827 -1 12895 -1 #SUP: 50
12815 -1 12831 -1 #SUP: 40
12815 -1 12831 -1 12895 -1 #SUP: 31
12815 -1 12895 -1 #SUP: 189
12819 -1 #SUP: 367
12819 -1 12823 -1 #SUP: 41
12819 -1 12831 -1 #SUP: 68
12819 -1 12875 -1 #SUP: 31
12819 -1 12895 -1 #SUP: 78
12823 -1 #SUP: 175
12823 -1 12895 -1 #SUP: 33
12823 -1 12907 -1 #SUP: 34
18459 -1 #SUP: 58
12827 -1 #SUP: 238
12827 -1 12831 -1 #SUP: 40
12827 -1 12831 -1 12895 -1 #SUP: 34
12827 -1 12875 -1 #SUP: 34
12827 -1 12895 -1 #SUP: 153
12831 -1 #SUP: 299
12831 -1 12895 -1 #SUP: 76
12831 -1 33449 -1 #SUP: 35
12831 -1 33469 -1 #SUP: 31
12323 -1 #SUP: 91
12323 -1 12331 -1 #SUP: 30
12323 -1 12339 -1 #SUP: 30
12835 -1 #SUP: 157
12835 -1 12847 -1 #SUP: 32
12327 -1 #SUP: 166
12327 -1 12335 -1 #SUP: 38
12327 -1 12339 -1 #SUP: 36
12839 -1 #SUP: 60
12331 -1 #SUP: 114
12843 -1 #SUP: 102
12847 -1 #SUP: 135
12335 -1 #SUP: 116
12335 -1 12355 -1 #SUP: 41
18479 -1 #SUP: 32
10291 -1 #SUP: 85
10291 -1 10295 -1 #SUP: 37
10291 -1 10299 -1 #SUP: 33
10291 -1 10307 -1 #SUP: 36
10291 -1 12687 -1 #SUP: 30
12851 -1 #SUP: 80
12339 -1 #SUP: 538
12339 -1 12347 -1 #SUP: 33
12339 -1 12355 -1 #SUP: 34
12339 -1 12387 -1 #SUP: 89
12339 -1 12387 -1 35185 -1 #SUP: 31
12339 -1 12407 -1 #SUP: 54
12339 -1 12515 -1 #SUP: 34
12339 -1 35185 -1 #SUP: 155
18483 -1 #SUP: 33
10295 -1 #SUP: 598
10295 -1 12815 -1 #SUP: 56
10295 -1 12815 -1 12895 -1 #SUP: 46
10295 -1 12819 -1 #SUP: 90
10295 -1 12819 -1 12831 -1 #SUP: 39
10295 -1 12819 -1 12895 -1 #SUP: 43
10295 -1 12823 -1 #SUP: 30
10295 -1 12827 -1 #SUP: 57
10295 -1 12827 -1 12895 -1 #SUP: 51
10295 -1 12831 -1 #SUP: 75
10295 -1 12831 -1 12895 -1 #SUP: 37
10295 -1 10299 -1 #SUP: 108
10295 -1 10299 -1 12819 -1 #SUP: 31
10295 -1 10299 -1 12831 -1 #SUP: 32
10295 -1 10299 -1 10307 -1 #SUP: 102
10295 -1 10299 -1 10307 -1 12819 -1 #SUP: 30
10295 -1 10299 -1 10307 -1 12831 -1 #SUP: 31
10295 -1 10299 -1 10307 -1 10311 -1 #SUP: 57
10295 -1 10299 -1 10307 -1 10315 -1 #SUP: 37
10295 -1 10299 -1 10307 -1 12895 -1 #SUP: 39
10295 -1 10299 -1 10307 -1 12487 -1 #SUP: 30
10295 -1 10299 -1 10307 -1 12695 -1 #SUP: 41
10295 -1 10299 -1 10311 -1 #SUP: 60
10295 -1 10299 -1 10315 -1 #SUP: 41
10295 -1 10299 -1 12895 -1 #SUP: 40
10295 -1 10299 -1 12487 -1 #SUP: 32
10295 -1 10299 -1 12695 -1 #SUP: 42
10295 -1 10303 -1 #SUP: 41
10295 -1 10307 -1 #SUP: 290
10295 -1 10307 -1 12815 -1 #SUP: 47
10295 -1 10307 -1 12815 -1 12895 -1 #SUP: 40
10295 -1 10307 -1 12819 -1 #SUP: 56
10295 -1 10307 -1 12819 -1 12831 -1 #SUP: 31
10295 -1 10307 -1 12819 -1 12895 -1 #SUP: 31
10295 -1 10307 -1 12827 -1 #SUP: 44
10295 -1 10307 -1 12827 -1 12895 -1 #SUP: 42
10295 -1 10307 -1 12831 -1 #SUP: 55
10295 -1 10307 -1 10311 -1 #SUP: 145
10295 -1 10307 -1 10311 -1 12819 -1 #SUP: 33
10295 -1 10307 -1 10311 -1 12827 -1 #SUP: 32
10295 -1 10307 -1 10311 -1 12827 -1 12895 -1 #SUP: 31
10295 -1 10307 -1 10311 -1 12831 -1 #SUP: 33
10295 -1 10307 -1 10311 -1 10315 -1 #SUP: 59
10295 -1 10307 -1 10311 -1 12895 -1 #SUP: 55
10295 -1 10307 -1 10311 -1 12483 -1 #SUP: 33
10295 -1 10307 -1 10311 -1 12483 -1 12487 -1 #SUP: 30
10295 -1 10307 -1 10311 -1 12487 -1 #SUP: 45
10295 -1 10307 -1 10311 -1 12683 -1 #SUP: 32
10295 -1 10307 -1 10311 -1 12695 -1 #SUP: 41
10295 -1 10307 -1 10311 -1 12703 -1 #SUP: 41
10295 -1 10307 -1 10315 -1 #SUP: 96
10295 -1 10307 -1 10315 -1 12831 -1 #SUP: 32
10295 -1 10307 -1 10315 -1 12895 -1 #SUP: 32
10295 -1 10307 -1 10315 -1 12695 -1 #SUP: 35
10295 -1 10307 -1 12875 -1 #SUP: 32
10295 -1 10307 -1 12895 -1 #SUP: 94
10295 -1 10307 -1 33449 -1 #SUP: 32
10295 -1 10307 -1 12463 -1 #SUP: 40
10295 -1 10307 -1 33469 -1 #SUP: 33
10295 -1 10307 -1 12479 -1 #SUP: 41
10295 -1 10307 -1 12483 -1 #SUP: 40
10295 -1 10307 -1 12483 -1 12487 -1 #SUP: 33
10295 -1 10307 -1 12487 -1 #SUP: 56
10295 -1 10307 -1 12523 -1 #SUP: 30
10295 -1 10307 -1 12527 -1 #SUP: 32
10295 -1 10307 -1 12627 -1 #SUP: 41
10295 -1 10307 -1 12663 -1 #SUP: 34
10295 -1 10307 -1 12679 -1 #SUP: 49
10295 -1 10307 -1 12679 -1 12895 -1 #SUP: 30
10295 -1 10307 -1 12683 -1 #SUP: 47
10295 -1 10307 -1 12683 -1 12695 -1 #SUP: 31
10295 -1 10307 -1 12687 -1 #SUP: 31
10295 -1 10307 -1 12691 -1 #SUP: 43
10295 -1 10307 -1 12691 -1 12695 -1 #SUP: 31
10295 -1 10307 -1 12695 -1 #SUP: 72
10295 -1 10307 -1 12695 -1 12895 -1 #SUP: 37
10295 -1 10307 -1 12695 -1 12703 -1 #SUP: 38
10295 -1 10307 -1 12703 -1 #SUP: 51
10295 -1 10307 -1 12795 -1 #SUP: 44
10295 -1 10307 -1 12795 -1 12831 -1 #SUP: 34
10295 -1 10311 -1 #SUP: 250
10295 -1 10311 -1 12815 -1 #SUP: 31
10295 -1 10311 -1 12819 -1 #SUP: 40
10295 -1 10311 -1 12827 -1 #SUP: 37
10295 -1 10311 -1 12827 -1 12895 -1 #SUP: 33
10295 -1 10311 -1 12831 -1 #SUP: 41
10295 -1 10311 -1 10315 -1 #SUP: 95
10295 -1 10311 -1 10315 -1 12895 -1 #SUP: 30
10295 -1 10311 -1 10315 -1 12487 -1 #SUP: 30
10295 -1 10311 -1 10315 -1 12695 -1 #SUP: 33
10295 -1 10311 -1 12875 -1 #SUP: 35
10295 -1 10311 -1 12895 -1 #SUP: 75
10295 -1 10311 -1 12463 -1 #SUP: 37
10295 -1 10311 -1 12479 -1 #SUP: 40
10295 -1 10311 -1 12479 -1 12487 -1 #SUP: 32
10295 -1 10311 -1 12483 -1 #SUP: 51
10295 -1 10311 -1 12483 -1 12487 -1 #SUP: 42
10295 -1 10311 -1 12487 -1 #SUP: 69
10295 -1 10311 -1 12627 -1 #SUP: 31
10295 -1 10311 -1 12679 -1 #SUP: 39
10295 -1 10311 -1 12683 -1 #SUP: 42
10295 -1 10311 -1 12691 -1 #SUP: 35
10295 -1 10311 -1 12695 -1 #SUP: 59
10295 -1 10311 -1 12695 -1 12895 -1 #SUP: 30
10295 -1 10311 -1 12695 -1 12703 -1 #SUP: 41
10295 -1 10311 -1 12703 -1 #SUP: 63
10295 -1 10311 -1 12795 -1 #SUP: 38
10295 -1 10315 -1 #SUP: 177
10295 -1 10315 -1 12819 -1 #SUP: 33
10295 -1 10315 -1 12831 -1 #SUP: 38
10295 -1 10315 -1 12895 -1 #SUP: 51
10295 -1 10315 -1 33449 -1 #SUP: 32
10295 -1 10315 -1 12479 -1 #SUP: 34
10295 -1 10315 -1 12487 -1 #SUP: 41
10295 -1 10315 -1 12691 -1 #SUP: 35
10295 -1 10315 -1 12695 -1 #SUP: 47
10295 -1 10315 -1 12703 -1 #SUP: 32
10295 -1 12875 -1 #SUP: 48
10295 -1 12875 -1 12895 -1 #SUP: 32
10295 -1 12895 -1 #SUP: 146
10295 -1 33433 -1 #SUP: 31
10295 -1 33449 -1 #SUP: 62
10295 -1 33449 -1 33469 -1 #SUP: 43
10295 -1 12463 -1 #SUP: 73
10295 -1 12463 -1 12819 -1 #SUP: 32
10295 -1 12463 -1 12691 -1 #SUP: 35
10295 -1 33469 -1 #SUP: 55
10295 -1 12479 -1 #SUP: 67
10295 -1 12479 -1 12695 -1 #SUP: 30
10295 -1 12479 -1 12483 -1 #SUP: 32
10295 -1 12479 -1 12483 -1 12487 -1 #SUP: 30
10295 -1 12479 -1 12487 -1 #SUP: 38
10295 -1 12483 -1 #SUP: 68
10295 -1 12483 -1 12487 -1 #SUP: 51
10295 -1 12487 -1 #SUP: 93
10295 -1 12487 -1 12895 -1 #SUP: 34
10295 -1 12487 -1 12695 -1 #SUP: 35
10295 -1 12487 -1 12703 -1 #SUP: 33
10295 -1 12495 -1 #SUP: 43
10295 -1 12523 -1 #SUP: 35
10295 -1 12527 -1 #SUP: 43
10295 -1 12531 -1 #SUP: 33
10295 -1 12621 -1 #SUP: 35
10295 -1 12627 -1 #SUP: 60
10295 -1 12627 -1 12691 -1 #SUP: 30
10295 -1 12627 -1 12695 -1 #SUP: 33
10295 -1 12655 -1 #SUP: 33
10295 -1 12663 -1 #SUP: 44
10295 -1 12679 -1 #SUP: 67
10295 -1 12679 -1 12895 -1 #SUP: 40
10295 -1 12679 -1 12683 -1 #SUP: 30
10295 -1 12679 -1 12695 -1 #SUP: 32
10295 -1 12679 -1 12703 -1 #SUP: 32
10295 -1 12683 -1 #SUP: 66
10295 -1 12683 -1 12895 -1 #SUP: 35
10295 -1 12683 -1 12691 -1 #SUP: 31
10295 -1 12683 -1 12695 -1 #SUP: 43
10295 -1 12683 -1 12703 -1 #SUP: 31
10295 -1 12687 -1 #SUP: 43
10295 -1 12687 -1 12695 -1 #SUP: 32
10295 -1 12691 -1 #SUP: 77
10295 -1 12691 -1 12819 -1 #SUP: 41
10295 -1 12691 -1 12831 -1 #SUP: 30
10295 -1 12691 -1 12895 -1 #SUP: 33
10295 -1 12691 -1 12695 -1 #SUP: 44
10295 -1 12691 -1 12703 -1 #SUP: 30
10295 -1 12695 -1 #SUP: 115
10295 -1 12695 -1 12819 -1 #SUP: 39
10295 -1 12695 -1 12831 -1 #SUP: 33
10295 -1 12695 -1 12895 -1 #SUP: 48
10295 -1 12695 -1 12703 -1 #SUP: 57
10295 -1 12695 -1 12795 -1 #SUP: 31
10295 -1 12703 -1 #SUP: 83
10295 -1 12703 -1 12895 -1 #SUP: 35
10295 -1 12715 -1 #SUP: 37
10295 -1 12723 -1 #SUP: 35
10295 -1 12739 -1 #SUP: 31
10295 -1 32201 -1 #SUP: 31
10295 -1 32205 -1 #SUP: 31
10295 -1 12755 -1 #SUP: 31
10295 -1 32213 -1 #SUP: 31
10295 -1 12759 -1 #SUP: 41
10295 -1 12763 -1 #SUP: 37
10295 -1 12771 -1 #SUP: 31
10295 -1 12779 -1 #SUP: 37
10295 -1 12795 -1 #SUP: 73
10295 -1 12795 -1 12819 -1 #SUP: 41
10295 -1 12795 -1 12819 -1 12831 -1 #SUP: 30
10295 -1 12795 -1 12831 -1 #SUP: 44
10295 -1 12795 -1 12895 -1 #SUP: 30
12343 -1 #SUP: 142
12343 -1 12355 -1 #SUP: 33
18487 -1 #SUP: 79
12855 -1 #SUP: 97
12859 -1 #SUP: 52
10299 -1 #SUP: 200
10299 -1 12815 -1 #SUP: 30
10299 -1 12819 -1 #SUP: 33
10299 -1 12831 -1 #SUP: 41
10299 -1 10307 -1 #SUP: 149
10299 -1 10307 -1 12819 -1 #SUP: 31
10299 -1 10307 -1 12831 -1 #SUP: 37
10299 -1 10307 -1 10311 -1 #SUP: 74
10299 -1 10307 -1 10315 -1 #SUP: 47
10299 -1 10307 -1 12895 -1 #SUP: 44
10299 -1 10307 -1 12483 -1 #SUP: 30
10299 -1 10307 -1 12487 -1 #SUP: 37
10299 -1 10307 -1 12691 -1 #SUP: 31
10299 -1 10307 -1 12695 -1 #SUP: 43
10299 -1 10307 -1 12703 -1 #SUP: 31
10299 -1 10311 -1 #SUP: 79
10299 -1 10311 -1 10315 -1 #SUP: 32
10299 -1 10311 -1 12487 -1 #SUP: 30
10299 -1 10315 -1 #SUP: 55
10299 -1 12895 -1 #SUP: 45
10299 -1 12479 -1 #SUP: 30
10299 -1 12483 -1 #SUP: 33
10299 -1 12487 -1 #SUP: 41
10299 -1 12687 -1 #SUP: 35
10299 -1 12691 -1 #SUP: 37
10299 -1 12695 -1 #SUP: 44
10299 -1 12703 -1 #SUP: 33
12347 -1 #SUP: 124
12347 -1 12355 -1 #SUP: 62
12351 -1 #SUP: 97
12351 -1 12355 -1 #SUP: 40
10303 -1 #SUP: 136
10303 -1 10307 -1 #SUP: 44
10303 -1 10311 -1 #SUP: 31
10303 -1 12763 -1 #SUP: 30
10303 -1 12779 -1 #SUP: 32
12863 -1 #SUP: 47
10307 -1 #SUP: 752
10307 -1 12815 -1 #SUP: 52
10307 -1 12815 -1 12895 -1 #SUP: 45
10307 -1 12819 -1 #SUP: 70
10307 -1 12819 -1 12831 -1 #SUP: 35
10307 -1 12819 -1 12895 -1 #SUP: 33
10307 -1 12823 -1 #SUP: 31
10307 -1 12827 -1 #SUP: 57
10307 -1 12827 -1 12895 -1 #SUP: 50
10307 -1 12831 -1 #SUP: 81
10307 -1 12831 -1 12895 -1 #SUP: 37
10307 -1 10311 -1 #SUP: 210
10307 -1 10311 -1 12819 -1 #SUP: 34
10307 -1 10311 -1 12827 -1 #SUP: 35
10307 -1 10311 -1 12827 -1 12895 -1 #SUP: 32
10307 -1 10311 -1 12831 -1 #SUP: 38
10307 -1 10311 -1 10315 -1 #SUP: 75
10307 -1 10311 -1 12875 -1 #SUP: 35
10307 -1 10311 -1 12895 -1 #SUP: 64
10307 -1 10311 -1 12479 -1 #SUP: 35
10307 -1 10311 -1 12483 -1 #SUP: 43
10307 -1 10311 -1 12483 -1 12487 -1 #SUP: 36
10307 -1 10311 -1 12487 -1 #SUP: 62
10307 -1 10311 -1 12487 -1 12703 -1 #SUP: 30
10307 -1 10311 -1 12679 -1 #SUP: 35
10307 -1 10311 -1 12683 -1 #SUP: 34
10307 -1 10311 -1 12695 -1 #SUP: 45
10307 -1 10311 -1 12695 -1 12703 -1 #SUP: 32
10307 -1 10311 -1 12703 -1 #SUP: 53
10307 -1 10311 -1 12795 -1 #SUP: 34
10307 -1 10315 -1 #SUP: 130
10307 -1 10315 -1 12831 -1 #SUP: 39
10307 -1 10315 -1 12895 -1 #SUP: 36
10307 -1 10315 -1 12487 -1 #SUP: 37
10307 -1 10315 -1 12695 -1 #SUP: 39
10307 -1 12875 -1 #SUP: 49
10307 -1 12895 -1 #SUP: 152
10307 -1 33449 -1 #SUP: 49
10307 -1 33449 -1 33469 -1 #SUP: 31
10307 -1 12463 -1 #SUP: 50
10307 -1 33469 -1 #SUP: 45
10307 -1 12479 -1 #SUP: 64
10307 -1 12479 -1 12487 -1 #SUP: 34
10307 -1 12483 -1 #SUP: 64
10307 -1 12483 -1 12487 -1 #SUP: 44
10307 -1 12487 -1 #SUP: 94
10307 -1 12487 -1 12895 -1 #SUP: 36
10307 -1 12487 -1 12695 -1 #SUP: 32
10307 -1 12487 -1 12703 -1 #SUP: 35
10307 -1 12495 -1 #SUP: 46
10307 -1 12523 -1 #SUP: 38
10307 -1 12527 -1 #SUP: 40
10307 -1 12611 -1 #SUP: 40
10307 -1 12621 -1 #SUP: 43
10307 -1 12627 -1 #SUP: 54
10307 -1 12655 -1 #SUP: 32
10307 -1 12663 -1 #SUP: 68
10307 -1 12663 -1 12895 -1 #SUP: 33
10307 -1 12679 -1 #SUP: 88
10307 -1 12679 -1 12895 -1 #SUP: 48
10307 -1 12679 -1 12695 -1 #SUP: 31
10307 -1 12679 -1 12703 -1 #SUP: 35
10307 -1 12683 -1 #SUP: 58
10307 -1 12683 -1 12691 -1 #SUP: 30
10307 -1 12683 -1 12695 -1 #SUP: 36
10307 -1 12687 -1 #SUP: 44
10307 -1 12691 -1 #SUP: 63
10307 -1 12691 -1 12695 -1 #SUP: 35
10307 -1 12695 -1 #SUP: 91
10307 -1 12695 -1 12819 -1 #SUP: 30
10307 -1 12695 -1 12831 -1 #SUP: 31
10307 -1 12695 -1 12895 -1 #SUP: 44
10307 -1 12695 -1 12703 -1 #SUP: 48
10307 -1 12703 -1 #SUP: 75
10307 -1 12703 -1 12895 -1 #SUP: 33
10307 -1 12723 -1 #SUP: 30
10307 -1 32201 -1 #SUP: 32
10307 -1 12755 -1 #SUP: 36
10307 -1 32213 -1 #SUP: 30
10307 -1 12759 -1 #SUP: 45
10307 -1 12763 -1 #SUP: 31
10307 -1 12771 -1 #SUP: 38
10307 -1 12779 -1 #SUP: 32
10307 -1 12795 -1 #SUP: 64
10307 -1 12795 -1 12819 -1 #SUP: 33
10307 -1 12795 -1 12831 -1 #SUP: 45
12355 -1 #SUP: 402
12355 -1 12431 -1 #SUP: 45
12355 -1 12551 -1 #SUP: 32
12355 -1 12559 -1 #SUP: 31
12867 -1 #SUP: 164
12867 -1 12895 -1 #SUP: 31
18499 -1 #SUP: 33
34885 -1 #SUP: 108
34885 -1 34897 -1 #SUP: 31
10311 -1 #SUP: 770
10311 -1 12815 -1 #SUP: 40
10311 -1 12815 -1 12895 -1 #SUP: 36
10311 -1 12819 -1 #SUP: 49
10311 -1 12827 -1 #SUP: 52
10311 -1 12827 -1 12895 -1 #SUP: 42
10311 -1 12831 -1 #SUP: 60
10311 -1 12875 -1 #SUP: 110
10311 -1 12875 -1 12895 -1 #SUP: 33
10311 -1 10315 -1 #SUP: 185
10311 -1 10315 -1 12831 -1 #SUP: 32
10311 -1 10315 -1 12895 -1 #SUP: 41
10311 -1 10315 -1 12483 -1 #SUP: 32
10311 -1 10315 -1 12487 -1 #SUP: 54
10311 -1 10315 -1 12487 -1 12703 -1 #SUP: 31
10311 -1 10315 -1 12695 -1 #SUP: 39
10311 -1 10315 -1 12703 -1 #SUP: 45
10311 -1 34893 -1 #SUP: 39
10311 -1 12895 -1 #SUP: 114
10311 -1 33449 -1 #SUP: 40
10311 -1 12463 -1 #SUP: 44
10311 -1 33469 -1 #SUP: 34
10311 -1 12479 -1 #SUP: 67
10311 -1 12479 -1 12483 -1 #SUP: 41
10311 -1 12479 -1 12483 -1 12487 -1 #SUP: 37
10311 -1 12479 -1 12487 -1 #SUP: 50
10311 -1 12483 -1 #SUP: 132
10311 -1 12483 -1 12875 -1 #SUP: 43
10311 -1 12483 -1 12703 -1 #SUP: 54
10311 -1 12483 -1 12487 -1 #SUP: 98
10311 -1 12483 -1 12487 -1 12875 -1 #SUP: 39
10311 -1 12483 -1 12487 -1 12703 -1 #SUP: 47
10311 -1 12483 -1 32213 -1 #SUP: 32
10311 -1 12487 -1 #SUP: 191
10311 -1 12487 -1 12571 -1 #SUP: 38
10311 -1 12487 -1 12571 -1 12703 -1 #SUP: 36
10311 -1 12487 -1 12575 -1 #SUP: 32
10311 -1 12487 -1 12875 -1 #SUP: 65
10311 -1 12487 -1 12895 -1 #SUP: 39
10311 -1 12487 -1 12695 -1 #SUP: 39
10311 -1 12487 -1 12695 -1 12703 -1 #SUP: 31
10311 -1 12487 -1 12703 -1 #SUP: 91
10311 -1 12487 -1 12703 -1 12875 -1 #SUP: 36
10311 -1 12487 -1 12703 -1 32213 -1 #SUP: 36
10311 -1 12487 -1 32213 -1 #SUP: 46
10311 -1 12495 -1 #SUP: 35
10311 -1 12571 -1 #SUP: 55
10311 -1 12571 -1 12703 -1 #SUP: 44
10311 -1 12575 -1 #SUP: 44
10311 -1 12621 -1 #SUP: 47
10311 -1 12627 -1 #SUP: 39
10311 -1 12663 -1 #SUP: 49
10311 -1 12679 -1 #SUP: 65
10311 -1 12679 -1 12895 -1 #SUP: 34
10311 -1 12679 -1 12703 -1 #SUP: 35
10311 -1 12683 -1 #SUP: 54
10311 -1 12683 -1 12895 -1 #SUP: 30
10311 -1 12683 -1 12695 -1 #SUP: 33
10311 -1 12683 -1 12703 -1 #SUP: 31
10311 -1 12687 -1 #SUP: 32
10311 -1 12691 -1 #SUP: 47
10311 -1 12691 -1 12695 -1 #SUP: 32
10311 -1 12691 -1 12703 -1 #SUP: 30
10311 -1 12695 -1 #SUP: 90
10311 -1 12695 -1 12895 -1 #SUP: 40
10311 -1 12695 -1 12703 -1 #SUP: 63
10311 -1 12703 -1 #SUP: 174
10311 -1 12703 -1 12875 -1 #SUP: 51
10311 -1 12703 -1 12895 -1 #SUP: 36
10311 -1 12703 -1 32213 -1 #SUP: 49
10311 -1 12715 -1 #SUP: 42
10311 -1 12723 -1 #SUP: 32
10311 -1 32205 -1 #SUP: 33
10311 -1 32213 -1 #SUP: 70
10311 -1 12759 -1 #SUP: 42
10311 -1 12771 -1 #SUP: 30
10311 -1 12783 -1 #SUP: 30
10311 -1 12795 -1 #SUP: 49
10311 -1 12795 -1 12831 -1 #SUP: 31
12871 -1 #SUP: 79
34889 -1 #SUP: 92
34889 -1 34901 -1 #SUP: 36
34889 -1 34905 -1 #SUP: 30
18507 -1 #SUP: 133
12875 -1 #SUP: 367
12875 -1 34893 -1 #SUP: 38
12875 -1 12895 -1 #SUP: 70
12875 -1 32213 -1 #SUP: 30
10315 -1 #SUP: 626
10315 -1 12815 -1 #SUP: 33
10315 -1 12819 -1 #SUP: 53
10315 -1 12827 -1 #SUP: 42
10315 -1 12827 -1 12895 -1 #SUP: 32
10315 -1 12831 -1 #SUP: 64
10315 -1 12875 -1 #SUP: 49
10315 -1 12895 -1 #SUP: 99
10315 -1 33449 -1 #SUP: 55
10315 -1 33449 -1 33469 -1 #SUP: 35
10315 -1 12463 -1 #SUP: 40
10315 -1 33469 -1 #SUP: 42
10315 -1 12479 -1 #SUP: 53
10315 -1 12483 -1 #SUP: 59
10315 -1 12483 -1 12487 -1 #SUP: 42
10315 -1 12487 -1 #SUP: 87
10315 -1 12487 -1 12695 -1 #SUP: 33
10315 -1 12487 -1 12703 -1 #SUP: 37
10315 -1 12495 -1 #SUP: 33
10315 -1 12523 -1 #SUP: 32
10315 -1 12527 -1 #SUP: 31
10315 -1 12621 -1 #SUP: 33
10315 -1 12627 -1 #SUP: 44
10315 -1 12679 -1 #SUP: 44
10315 -1 12683 -1 #SUP: 35
10315 -1 12687 -1 #SUP: 33
10315 -1 12691 -1 #SUP: 51
10315 -1 12695 -1 #SUP: 69
10315 -1 12695 -1 12703 -1 #SUP: 37
10315 -1 12703 -1 #SUP: 59
10315 -1 12715 -1 #SUP: 34
10315 -1 12723 -1 #SUP: 32
10315 -1 32205 -1 #SUP: 32
10315 -1 32213 -1 #SUP: 39
10315 -1 12759 -1 #SUP: 35
10315 -1 12795 -1 #SUP: 38
10829 -1 #SUP: 85
10829 -1 10833 -1 #SUP: 31
34893 -1 #SUP: 145
12879 -1 #SUP: 124
12367 -1 #SUP: 139
12367 -1 12395 -1 #SUP: 43
12367 -1 12403 -1 #SUP: 48
12367 -1 12411 -1 #SUP: 34
12367 -1 12419 -1 #SUP: 32
12367 -1 12431 -1 #SUP: 43
10319 -1 #SUP: 53
18511 -1 #SUP: 35
10833 -1 #SUP: 142
10833 -1 10849 -1 #SUP: 35
10833 -1 10877 -1 #SUP: 35
34897 -1 #SUP: 66
12883 -1 #SUP: 181
12371 -1 #SUP: 94
10837 -1 #SUP: 30
34901 -1 #SUP: 91
12887 -1 #SUP: 77
12375 -1 #SUP: 33
10841 -1 #SUP: 179
10841 -1 10877 -1 #SUP: 53
10841 -1 10877 -1 10881 -1 #SUP: 31
10841 -1 10881 -1 #SUP: 60
34905 -1 #SUP: 106
18523 -1 #SUP: 44
12891 -1 #SUP: 54
10845 -1 #SUP: 89
10845 -1 10877 -1 #SUP: 39
10845 -1 10881 -1 #SUP: 33
34909 -1 #SUP: 62
12895 -1 #SUP: 1078
12895 -1 33449 -1 #SUP: 61
12895 -1 33449 -1 33469 -1 #SUP: 45
12895 -1 33469 -1 #SUP: 61
18527 -1 #SUP: 30
10849 -1 #SUP: 162
34913 -1 #SUP: 60
12387 -1 #SUP: 97
12387 -1 35185 -1 #SUP: 32
10339 -1 #SUP: 72
12899 -1 #SUP: 37
10853 -1 #SUP: 40
34917 -1 #SUP: 50
12903 -1 #SUP: 94
10857 -1 #SUP: 117
10857 -1 10861 -1 #SUP: 44
10857 -1 10861 -1 10865 -1 #SUP: 32
10857 -1 10865 -1 #SUP: 44
10857 -1 12763 -1 #SUP: 35
34921 -1 #SUP: 88
12395 -1 #SUP: 99
12395 -1 12403 -1 #SUP: 35
12395 -1 12431 -1 #SUP: 34
12907 -1 #SUP: 148
10861 -1 #SUP: 113
10861 -1 10865 -1 #SUP: 41
34925 -1 #SUP: 73
12399 -1 #SUP: 141
12399 -1 12403 -1 #SUP: 37
12399 -1 12411 -1 #SUP: 48
10865 -1 #SUP: 109
34929 -1 #SUP: 72
12403 -1 #SUP: 183
12403 -1 12411 -1 #SUP: 48
12403 -1 12451 -1 #SUP: 30
18547 -1 #SUP: 116
10869 -1 #SUP: 62
10869 -1 10877 -1 #SUP: 46
12407 -1 #SUP: 268
12407 -1 12411 -1 #SUP: 69
12407 -1 12431 -1 #SUP: 33
12407 -1 12447 -1 #SUP: 32
12407 -1 12515 -1 #SUP: 38
12407 -1 35213 -1 #SUP: 33
18551 -1 #SUP: 36
12411 -1 #SUP: 341
12411 -1 12431 -1 #SUP: 34
12411 -1 12439 -1 #SUP: 36
12411 -1 12447 -1 #SUP: 33
12411 -1 12515 -1 #SUP: 31
10877 -1 #SUP: 692
10877 -1 12327 -1 #SUP: 35
10877 -1 12331 -1 #SUP: 34
10877 -1 12335 -1 #SUP: 32
10877 -1 12339 -1 #SUP: 100
10877 -1 12339 -1 35185 -1 #SUP: 39
10877 -1 12355 -1 #SUP: 68
10877 -1 10881 -1 #SUP: 62
10877 -1 12431 -1 #SUP: 53
10877 -1 12515 -1 #SUP: 35
10877 -1 12551 -1 #SUP: 32
10877 -1 12559 -1 #SUP: 40
10877 -1 35185 -1 #SUP: 53
10877 -1 12663 -1 #SUP: 32
12415 -1 #SUP: 84
10881 -1 #SUP: 223
12419 -1 #SUP: 147
18563 -1 #SUP: 31
12427 -1 #SUP: 80
12431 -1 #SUP: 423
12431 -1 12559 -1 #SUP: 30
18575 -1 #SUP: 34
33425 -1 #SUP: 56
33429 -1 #SUP: 95
33429 -1 33449 -1 #SUP: 38
12439 -1 #SUP: 160
12439 -1 12451 -1 #SUP: 31
12439 -1 12515 -1 #SUP: 30
18583 -1 #SUP: 34
33433 -1 #SUP: 160
33433 -1 33449 -1 #SUP: 85
33433 -1 33449 -1 33453 -1 #SUP: 32
33433 -1 33449 -1 33469 -1 #SUP: 60
33433 -1 33453 -1 #SUP: 63
33433 -1 33453 -1 33469 -1 #SUP: 48
33433 -1 33465 -1 #SUP: 35
33433 -1 33465 -1 33469 -1 #SUP: 30
33433 -1 33469 -1 #SUP: 108
18587 -1 #SUP: 43
12443 -1 #SUP: 55
33437 -1 #SUP: 59
33437 -1 33469 -1 #SUP: 32
12447 -1 #SUP: 148
12447 -1 12451 -1 #SUP: 38
33441 -1 #SUP: 49
18595 -1 #SUP: 44
12451 -1 #SUP: 140
33445 -1 #SUP: 31
18599 -1 #SUP: 48
33449 -1 #SUP: 693
33449 -1 33453 -1 #SUP: 55
33449 -1 33453 -1 33469 -1 #SUP: 49
33449 -1 33469 -1 #SUP: 276
12459 -1 #SUP: 100
12459 -1 12467 -1 #SUP: 35
12459 -1 12491 -1 #SUP: 31
18603 -1 #SUP: 43
33453 -1 #SUP: 122
33453 -1 33465 -1 #SUP: 31
33453 -1 33469 -1 #SUP: 91
12463 -1 #SUP: 294
12463 -1 12819 -1 #SUP: 53
12463 -1 12831 -1 #SUP: 32
12463 -1 12895 -1 #SUP: 49
12463 -1 12691 -1 #SUP: 45
12463 -1 12695 -1 #SUP: 40
12463 -1 12479 -1 #SUP: 48
12463 -1 12483 -1 #SUP: 34
12463 -1 12487 -1 #SUP: 81
12463 -1 12491 -1 #SUP: 36
12463 -1 12495 -1 #SUP: 37
12463 -1 12795 -1 #SUP: 43
33457 -1 #SUP: 44
18611 -1 #SUP: 49
12467 -1 #SUP: 124
12471 -1 #SUP: 92
12471 -1 12659 -1 #SUP: 34
18615 -1 #SUP: 37
33465 -1 #SUP: 60
33465 -1 33469 -1 #SUP: 37
18619 -1 #SUP: 133
12475 -1 #SUP: 62
33469 -1 #SUP: 671
12479 -1 #SUP: 265
12479 -1 12819 -1 #SUP: 33
12479 -1 12827 -1 #SUP: 31
12479 -1 12831 -1 #SUP: 38
12479 -1 12875 -1 #SUP: 39
12479 -1 12627 -1 #SUP: 31
12479 -1 12895 -1 #SUP: 54
12479 -1 12683 -1 #SUP: 37
12479 -1 12691 -1 #SUP: 42
12479 -1 12695 -1 #SUP: 45
12479 -1 12703 -1 #SUP: 32
12479 -1 12483 -1 #SUP: 87
12479 -1 12483 -1 12487 -1 #SUP: 70
12479 -1 12487 -1 #SUP: 101
12479 -1 12495 -1 #SUP: 34
12483 -1 #SUP: 522
12483 -1 12827 -1 #SUP: 33
12483 -1 12571 -1 #SUP: 39
12483 -1 12831 -1 #SUP: 35
12483 -1 12575 -1 #SUP: 42
12483 -1 12875 -1 #SUP: 79
12483 -1 12621 -1 #SUP: 34
12483 -1 34893 -1 #SUP: 40
12483 -1 12895 -1 #SUP: 39
12483 -1 12695 -1 #SUP: 47
12483 -1 12695 -1 12703 -1 #SUP: 32
12483 -1 12703 -1 #SUP: 81
12483 -1 12703 -1 32213 -1 #SUP: 31
12483 -1 12487 -1 #SUP: 258
12483 -1 12487 -1 12875 -1 #SUP: 64
12483 -1 12487 -1 34893 -1 #SUP: 31
12483 -1 12487 -1 12695 -1 #SUP: 39
12483 -1 12487 -1 12703 -1 #SUP: 62
12483 -1 12487 -1 32213 -1 #SUP: 40
12483 -1 12491 -1 #SUP: 32
12483 -1 32213 -1 #SUP: 54
12483 -1 12759 -1 #SUP: 30
18627 -1 #SUP: 31
12487 -1 #SUP: 644
12487 -1 12819 -1 #SUP: 36
12487 -1 12571 -1 #SUP: 65
12487 -1 12571 -1 12575 -1 #SUP: 31
12487 -1 12571 -1 12875 -1 #SUP: 30
12487 -1 12571 -1 12703 -1 #SUP: 40
12487 -1 12827 -1 #SUP: 42
12487 -1 12827 -1 12895 -1 #SUP: 31
12487 -1 12575 -1 #SUP: 51
12487 -1 12575 -1 12703 -1 #SUP: 31
12487 -1 12831 -1 #SUP: 48
12487 -1 12875 -1 #SUP: 114
12487 -1 12621 -1 #SUP: 38
12487 -1 34893 -1 #SUP: 51
12487 -1 12627 -1 #SUP: 39
12487 -1 12895 -1 #SUP: 70
12487 -1 12679 -1 #SUP: 38
12487 -1 12683 -1 #SUP: 33
12487 -1 12687 -1 #SUP: 31
12487 -1 12691 -1 #SUP: 42
12487 -1 12695 -1 #SUP: 72
12487 -1 12695 -1 12703 -1 #SUP: 49
12487 -1 12703 -1 #SUP: 127
12487 -1 12703 -1 12875 -1 #SUP: 45
12487 -1 12703 -1 32213 -1 #SUP: 45
12487 -1 12491 -1 #SUP: 32
12487 -1 32205 -1 #SUP: 35
12487 -1 12495 -1 #SUP: 46
12487 -1 32213 -1 #SUP: 70
12487 -1 12759 -1 #SUP: 33
12487 -1 12763 -1 #SUP: 30
12487 -1 12795 -1 #SUP: 33
46281 -1 #SUP: 57
12491 -1 #SUP: 127
12491 -1 12495 -1 #SUP: 38
18635 -1 #SUP: 50
46285 -1 #SUP: 38
12495 -1 #SUP: 175
12495 -1 12895 -1 #SUP: 36
12495 -1 12683 -1 #SUP: 32
46289 -1 #SUP: 55
46293 -1 #SUP: 33
12503 -1 #SUP: 39
12507 -1 #SUP: 64
18651 -1 #SUP: 48
12511 -1 #SUP: 47
12515 -1 #SUP: 233
12515 -1 12519 -1 #SUP: 53
12519 -1 #SUP: 79
12523 -1 #SUP: 123
12523 -1 12819 -1 #SUP: 31
12523 -1 12695 -1 #SUP: 36
12523 -1 12527 -1 #SUP: 48
12523 -1 12527 -1 12531 -1 #SUP: 36
12523 -1 12531 -1 #SUP: 50
12527 -1 #SUP: 125
12527 -1 12819 -1 #SUP: 37
12527 -1 12895 -1 #SUP: 34
12527 -1 12683 -1 #SUP: 34
12527 -1 12687 -1 #SUP: 31
12527 -1 12695 -1 #SUP: 42
12527 -1 12531 -1 #SUP: 43
18671 -1 #SUP: 39
12531 -1 #SUP: 121
12531 -1 12695 -1 #SUP: 33
18675 -1 #SUP: 56
18683 -1 #SUP: 52
18691 -1 #SUP: 139
12547 -1 #SUP: 140
12547 -1 12551 -1 #SUP: 49
12547 -1 12555 -1 #SUP: 44
12547 -1 12559 -1 #SUP: 42
12547 -1 12567 -1 #SUP: 30
12551 -1 #SUP: 201
12551 -1 12555 -1 #SUP: 44
12551 -1 12567 -1 #SUP: 34
18695 -1 #SUP: 49
12555 -1 #SUP: 144
12555 -1 12567 -1 #SUP: 35
12559 -1 #SUP: 361
12559 -1 12563 -1 #SUP: 44
12559 -1 12567 -1 #SUP: 43
18703 -1 #SUP: 38
18707 -1 #SUP: 138
12563 -1 #SUP: 125
12567 -1 #SUP: 400
12571 -1 #SUP: 177
12571 -1 12575 -1 #SUP: 79
12571 -1 12875 -1 #SUP: 40
12571 -1 12703 -1 #SUP: 59
12575 -1 #SUP: 164
12575 -1 12703 -1 #SUP: 42
18723 -1 #SUP: 86
12579 -1 #SUP: 115
18727 -1 #SUP: 85
12583 -1 #SUP: 91
12587 -1 #SUP: 176
18735 -1 #SUP: 34
12591 -1 #SUP: 135
12595 -1 #SUP: 100
12603 -1 #SUP: 60
12603 -1 12621 -1 #SUP: 35
12607 -1 #SUP: 82
12611 -1 #SUP: 159
12611 -1 12615 -1 #SUP: 30
12611 -1 12621 -1 #SUP: 66
12611 -1 12755 -1 #SUP: 37
12611 -1 12771 -1 #SUP: 31
20807 -1 #SUP: 95
12615 -1 #SUP: 80
12621 -1 #SUP: 378
12621 -1 12627 -1 #SUP: 38
12621 -1 12895 -1 #SUP: 44
12621 -1 12783 -1 #SUP: 37
35149 -1 #SUP: 96
35153 -1 #SUP: 86
35153 -1 35169 -1 #SUP: 40
35153 -1 35165 -1 #SUP: 30
12627 -1 #SUP: 271
12627 -1 12831 -1 #SUP: 30
12627 -1 12631 -1 #SUP: 49
12627 -1 12895 -1 #SUP: 38
12627 -1 12683 -1 #SUP: 34
12627 -1 12691 -1 #SUP: 54
12627 -1 12695 -1 #SUP: 48
35157 -1 #SUP: 73
35157 -1 35169 -1 #SUP: 45
12631 -1 #SUP: 102
35161 -1 #SUP: 50
35165 -1 #SUP: 85
35165 -1 35169 -1 #SUP: 37
35169 -1 #SUP: 108
18787 -1 #SUP: 247
12643 -1 #SUP: 86
35173 -1 #SUP: 42
12647 -1 #SUP: 108
12647 -1 12651 -1 #SUP: 32
12647 -1 12655 -1 #SUP: 39
12647 -1 12667 -1 #SUP: 31
35177 -1 #SUP: 115
35177 -1 35185 -1 #SUP: 31
35177 -1 35181 -1 #SUP: 46
12651 -1 #SUP: 55
18795 -1 #SUP: 30
35181 -1 #SUP: 124
35181 -1 35185 -1 #SUP: 38
12655 -1 #SUP: 144
18799 -1 #SUP: 30
35185 -1 #SUP: 292
35185 -1 35213 -1 #SUP: 30
12659 -1 #SUP: 168
12663 -1 #SUP: 499
12663 -1 12831 -1 #SUP: 31
12663 -1 12835 -1 #SUP: 36
12663 -1 12847 -1 #SUP: 32
12663 -1 12895 -1 #SUP: 73
12663 -1 12667 -1 #SUP: 74
12663 -1 12671 -1 #SUP: 36
12663 -1 12675 -1 #SUP: 32
12663 -1 12679 -1 #SUP: 75
12663 -1 12679 -1 12895 -1 #SUP: 41
12663 -1 12683 -1 #SUP: 34
12663 -1 12687 -1 #SUP: 31
12663 -1 12783 -1 #SUP: 32
12667 -1 #SUP: 148
12667 -1 12671 -1 #SUP: 45
12671 -1 #SUP: 87
12675 -1 #SUP: 206
12675 -1 12883 -1 #SUP: 36
12679 -1 #SUP: 448
12679 -1 12827 -1 #SUP: 30
12679 -1 12831 -1 #SUP: 37
12679 -1 12895 -1 #SUP: 124
12679 -1 12683 -1 #SUP: 81
12679 -1 12683 -1 12895 -1 #SUP: 37
12679 -1 12683 -1 12695 -1 #SUP: 33
12679 -1 12683 -1 12703 -1 #SUP: 32
12679 -1 12687 -1 #SUP: 34
12679 -1 12691 -1 #SUP: 36
12679 -1 12695 -1 #SUP: 69
12679 -1 12695 -1 12895 -1 #SUP: 38
12679 -1 12695 -1 12703 -1 #SUP: 51
12679 -1 12703 -1 #SUP: 101
12679 -1 12703 -1 12895 -1 #SUP: 43
12683 -1 #SUP: 231
12683 -1 12819 -1 #SUP: 35
12683 -1 12831 -1 #SUP: 36
12683 -1 12895 -1 #SUP: 60
12683 -1 12687 -1 #SUP: 50
12683 -1 12687 -1 12691 -1 #SUP: 35
12683 -1 12687 -1 12691 -1 12695 -1 #SUP: 32
12683 -1 12687 -1 12695 -1 #SUP: 36
12683 -1 12691 -1 #SUP: 60
12683 -1 12691 -1 12695 -1 #SUP: 41
12683 -1 12695 -1 #SUP: 85
12683 -1 12695 -1 12895 -1 #SUP: 34
12683 -1 12695 -1 12703 -1 #SUP: 45
12683 -1 12703 -1 #SUP: 68
12683 -1 12795 -1 #SUP: 32
35213 -1 #SUP: 104
18831 -1 #SUP: 193
12687 -1 #SUP: 210
12687 -1 12819 -1 #SUP: 32
12687 -1 12831 -1 #SUP: 32
12687 -1 12691 -1 #SUP: 60
12687 -1 12691 -1 12695 -1 #SUP: 40
12687 -1 12695 -1 #SUP: 59
12687 -1 12695 -1 12703 -1 #SUP: 33
12687 -1 12703 -1 #SUP: 52
12691 -1 #SUP: 290
12691 -1 12819 -1 #SUP: 64
12691 -1 12819 -1 12831 -1 #SUP: 31
12691 -1 12823 -1 #SUP: 31
12691 -1 12831 -1 #SUP: 50
12691 -1 12895 -1 #SUP: 55
12691 -1 12695 -1 #SUP: 88
12691 -1 12695 -1 12819 -1 #SUP: 36
12691 -1 12695 -1 12831 -1 #SUP: 30
12691 -1 12695 -1 12895 -1 #SUP: 35
12691 -1 12695 -1 12703 -1 #SUP: 48
12691 -1 12703 -1 #SUP: 69
12691 -1 33449 -1 #SUP: 32
12691 -1 33469 -1 #SUP: 31
12691 -1 12795 -1 #SUP: 46
12691 -1 12795 -1 12819 -1 #SUP: 33
12695 -1 #SUP: 425
12695 -1 12815 -1 #SUP: 38
12695 -1 12815 -1 12895 -1 #SUP: 30
12695 -1 12819 -1 #SUP: 59
12695 -1 12827 -1 #SUP: 34
12695 -1 12827 -1 12895 -1 #SUP: 31
12695 -1 12831 -1 #SUP: 52
12695 -1 12895 -1 #SUP: 92
12695 -1 12699 -1 #SUP: 49
12695 -1 12699 -1 12703 -1 #SUP: 36
12695 -1 12703 -1 #SUP: 183
12695 -1 12703 -1 12819 -1 #SUP: 30
12695 -1 12703 -1 12895 -1 #SUP: 54
12695 -1 33449 -1 #SUP: 40
12695 -1 33449 -1 33469 -1 #SUP: 31
12695 -1 33469 -1 #SUP: 44
12695 -1 12795 -1 #SUP: 46
12695 -1 12795 -1 12831 -1 #SUP: 30
12699 -1 #SUP: 82
12699 -1 12703 -1 #SUP: 49
12703 -1 #SUP: 452
12703 -1 12819 -1 #SUP: 39
12703 -1 12827 -1 #SUP: 35
12703 -1 12831 -1 #SUP: 43
12703 -1 12875 -1 #SUP: 74
12703 -1 34893 -1 #SUP: 37
12703 -1 12895 -1 #SUP: 77
12703 -1 32213 -1 #SUP: 73
12703 -1 12795 -1 #SUP: 33
18847 -1 #SUP: 61
18855 -1 #SUP: 80
12711 -1 #SUP: 225
12711 -1 12715 -1 #SUP: 51
12711 -1 12719 -1 #SUP: 42
12711 -1 12723 -1 #SUP: 43
12715 -1 #SUP: 344
12715 -1 12895 -1 #SUP: 32
12715 -1 12719 -1 #SUP: 47
12715 -1 12723 -1 #SUP: 80
12715 -1 12723 -1 12727 -1 #SUP: 30
12715 -1 12723 -1 12731 -1 #SUP: 31
12715 -1 12727 -1 #SUP: 49
12715 -1 12731 -1 #SUP: 43
12715 -1 12739 -1 #SUP: 30
12715 -1 12759 -1 #SUP: 37
12715 -1 12771 -1 #SUP: 32
12719 -1 #SUP: 119
18863 -1 #SUP: 112
12723 -1 #SUP: 334
12723 -1 12727 -1 #SUP: 79
12723 -1 12727 -1 12731 -1 #SUP: 35
12723 -1 12731 -1 #SUP: 56
12723 -1 12759 -1 #SUP: 30
12723 -1 12771 -1 #SUP: 32
12727 -1 #SUP: 221
12727 -1 12731 -1 #SUP: 54
18871 -1 #SUP: 118
12731 -1 #SUP: 175
12731 -1 12771 -1 #SUP: 30
18879 -1 #SUP: 58
12735 -1 #SUP: 119
12735 -1 12739 -1 #SUP: 33
12735 -1 12743 -1 #SUP: 31
12735 -1 12759 -1 #SUP: 46
12735 -1 12763 -1 #SUP: 41
12735 -1 12779 -1 #SUP: 36
12739 -1 #SUP: 125
12739 -1 12743 -1 #SUP: 35
12739 -1 12759 -1 #SUP: 41
12739 -1 12759 -1 12779 -1 #SUP: 30
12739 -1 12763 -1 #SUP: 36
12739 -1 12771 -1 #SUP: 33
12739 -1 12779 -1 #SUP: 44
32197 -1 #SUP: 53
32197 -1 32205 -1 #SUP: 32
12743 -1 #SUP: 109
12743 -1 12759 -1 #SUP: 37
12743 -1 12763 -1 #SUP: 46
12743 -1 12763 -1 12779 -1 #SUP: 30
12743 -1 12779 -1 #SUP: 40
32201 -1 #SUP: 103
32201 -1 32205 -1 #SUP: 47
32201 -1 32205 -1 32213 -1 #SUP: 31
32201 -1 32209 -1 #SUP: 30
32201 -1 32213 -1 #SUP: 41
32201 -1 33449 -1 #SUP: 33
12747 -1 #SUP: 182
12747 -1 12751 -1 #SUP: 58
12747 -1 12755 -1 #SUP: 45
12747 -1 12775 -1 #SUP: 33
12747 -1 12783 -1 #SUP: 30
32205 -1 #SUP: 125
32205 -1 32209 -1 #SUP: 34
32205 -1 32213 -1 #SUP: 53
32205 -1 33449 -1 #SUP: 38
12751 -1 #SUP: 194
12751 -1 12755 -1 #SUP: 38
32209 -1 #SUP: 87
12755 -1 #SUP: 158
12755 -1 12767 -1 #SUP: 31
12755 -1 12771 -1 #SUP: 58
32213 -1 #SUP: 179
32213 -1 34893 -1 #SUP: 38
32213 -1 33449 -1 #SUP: 33
12759 -1 #SUP: 187
12759 -1 12895 -1 #SUP: 34
12759 -1 12763 -1 #SUP: 41
12759 -1 12771 -1 #SUP: 44
12759 -1 12779 -1 #SUP: 47
12763 -1 #SUP: 161
12763 -1 12895 -1 #SUP: 31
12763 -1 12779 -1 #SUP: 50
32221 -1 #SUP: 33
12767 -1 #SUP: 83
12767 -1 12771 -1 #SUP: 31
12771 -1 #SUP: 204
12775 -1 #SUP: 164
12775 -1 12787 -1 #SUP: 30
12779 -1 #SUP: 213
12779 -1 12783 -1 #SUP: 40
12779 -1 12787 -1 #SUP: 39
12783 -1 #SUP: 269
12783 -1 12787 -1 #SUP: 51
12787 -1 #SUP: 166
18423 -1 #SUP: 93
12795 -1 #SUP: 275
12795 -1 12815 -1 #SUP: 47
12795 -1 12815 -1 12831 -1 #SUP: 31
12795 -1 12815 -1 12895 -1 #SUP: 36
12795 -1 12819 -1 #SUP: 95
12795 -1 12819 -1 12831 -1 #SUP: 51
12795 -1 12831 -1 #SUP: 108
12795 -1 12831 -1 12895 -1 #SUP: 37
12795 -1 12895 -1 #SUP: 64
18427 -1 #SUP: 65
12799 -1 #SUP: 39
