12299 -1 #SUP: 451
18447 -1 #SUP: 163
18459 -1 #SUP: 135
12323 -1 #SUP: 142
12327 -1 #SUP: 233
12331 -1 #SUP: 182
12335 -1 #SUP: 180
10291 -1 #SUP: 339
10291 -1 10295 -1 #SUP: 119
10291 -1 10299 -1 #SUP: 97
10291 -1 10307 -1 #SUP: 101
12339 -1 #SUP: 793
12339 -1 12387 -1 #SUP: 134
12339 -1 35185 -1 #SUP: 237
10295 -1 #SUP: 1597
10295 -1 12815 -1 #SUP: 131
10295 -1 12815 -1 12895 -1 #SUP: 115
10295 -1 12819 -1 #SUP: 178
10295 -1 12827 -1 #SUP: 161
10295 -1 12827 -1 12895 -1 #SUP: 127
10295 -1 12831 -1 #SUP: 188
10295 -1 10299 -1 #SUP: 261
10295 -1 10299 -1 10307 -1 #SUP: 244
10295 -1 10299 -1 10307 -1 10311 -1 #SUP: 137
10295 -1 10299 -1 10307 -1 10315 -1 #SUP: 107
10295 -1 10299 -1 10311 -1 #SUP: 143
10295 -1 10299 -1 10315 -1 #SUP: 111
10295 -1 10307 -1 #SUP: 764
10295 -1 10307 -1 12815 -1 #SUP: 103
10295 -1 10307 -1 12815 -1 12895 -1 #SUP: 94
10295 -1 10307 -1 12819 -1 #SUP: 111
10295 -1 10307 -1 12827 -1 #SUP: 124
10295 -1 10307 -1 12827 -1 12895 -1 #SUP: 104
10295 -1 10307 -1 12831 -1 #SUP: 130
10295 -1 10307 -1 10311 -1 #SUP: 346
10295 -1 10307 -1 10311 -1 10315 -1 #SUP: 157
10295 -1 10307 -1 10311 -1 12895 -1 #SUP: 115
10295 -1 10307 -1 10311 -1 12487 -1 #SUP: 96
10295 -1 10307 -1 10311 -1 12695 -1 #SUP: 102
10295 -1 10307 -1 10311 -1 12703 -1 #SUP: 105
10295 -1 10307 -1 10315 -1 #SUP: 254
10295 -1 10307 -1 12895 -1 #SUP: 213
10295 -1 10307 -1 33449 -1 #SUP: 128
10295 -1 10307 -1 33449 -1 33469 -1 #SUP: 101
10295 -1 10307 -1 33469 -1 #SUP: 141
10295 -1 10307 -1 12483 -1 #SUP: 105
10295 -1 10307 -1 12487 -1 #SUP: 127
10295 -1 10307 -1 12679 -1 #SUP: 125
10295 -1 10307 -1 12683 -1 #SUP: 117
10295 -1 10307 -1 12691 -1 #SUP: 93
10295 -1 10307 -1 12695 -1 #SUP: 181
10295 -1 10307 -1 12695 -1 12703 -1 #SUP: 96
10295 -1 10307 -1 12703 -1 #SUP: 133
10295 -1 10307 -1 12795 -1 #SUP: 109
10295 -1 10311 -1 #SUP: 600
10295 -1 10311 -1 12827 -1 #SUP: 95
10295 -1 10311 -1 12831 -1 #SUP: 93
10295 -1 10311 -1 10315 -1 #SUP: 260
10295 -1 10311 -1 12895 -1 #SUP: 156
10295 -1 10311 -1 33449 -1 #SUP: 93
10295 -1 10311 -1 33469 -1 #SUP: 92
10295 -1 10311 -1 12483 -1 #SUP: 126
10295 -1 10311 -1 12487 -1 #SUP: 149
10295 -1 10311 -1 12695 -1 #SUP: 136
10295 -1 10311 -1 12695 -1 12703 -1 #SUP: 103
10295 -1 10311 -1 12703 -1 #SUP: 157
10295 -1 10311 -1 32213 -1 #SUP: 97
10295 -1 10315 -1 #SUP: 520
10295 -1 10315 -1 12831 -1 #SUP: 90
10295 -1 10315 -1 10335 -1 #SUP: 108
10295 -1 10315 -1 12895 -1 #SUP: 126
10295 -1 10315 -1 33449 -1 #SUP: 98
10295 -1 10315 -1 33469 -1 #SUP: 94
10295 -1 10315 -1 12483 -1 #SUP: 90
10295 -1 10315 -1 12487 -1 #SUP: 116
10295 -1 10315 -1 12695 -1 #SUP: 107
10295 -1 10315 -1 12703 -1 #SUP: 97
10295 -1 12875 -1 #SUP: 107
10295 -1 10331 -1 #SUP: 115
10295 -1 12895 -1 #SUP: 326
10295 -1 10335 -1 #SUP: 143
10295 -1 33433 -1 #SUP: 113
10295 -1 33433 -1 33469 -1 #SUP: 91
10295 -1 33449 -1 #SUP: 234
10295 -1 33449 -1 33469 -1 #SUP: 154
10295 -1 12463 -1 #SUP: 124
10295 -1 33469 -1 #SUP: 225
10295 -1 12479 -1 #SUP: 125
10295 -1 12483 -1 #SUP: 181
10295 -1 12483 -1 12487 -1 #SUP: 118
10295 -1 12487 -1 #SUP: 217
10295 -1 12627 -1 #SUP: 111
10295 -1 12663 -1 #SUP: 103
10295 -1 12679 -1 #SUP: 171
10295 -1 12679 -1 12895 -1 #SUP: 92
10295 -1 12683 -1 #SUP: 154
10295 -1 12683 -1 12695 -1 #SUP: 96
10295 -1 12691 -1 #SUP: 149
10295 -1 12695 -1 #SUP: 273
10295 -1 12695 -1 12895 -1 #SUP: 109
10295 -1 12695 -1 12703 -1 #SUP: 137
10295 -1 12695 -1 33449 -1 #SUP: 95
10295 -1 12703 -1 #SUP: 210
10295 -1 32201 -1 #SUP: 103
10295 -1 32205 -1 #SUP: 133
10295 -1 32213 -1 #SUP: 140
10295 -1 12759 -1 #SUP: 95
10295 -1 12795 -1 #SUP: 168
10295 -1 12795 -1 12831 -1 #SUP: 100
12343 -1 #SUP: 219
18487 -1 #SUP: 140
10299 -1 #SUP: 558
10299 -1 12831 -1 #SUP: 91
10299 -1 10307 -1 #SUP: 373
10299 -1 10307 -1 10311 -1 #SUP: 177
10299 -1 10307 -1 10315 -1 #SUP: 127
10299 -1 10307 -1 12895 -1 #SUP: 98
10299 -1 10311 -1 #SUP: 191
10299 -1 10311 -1 10315 -1 #SUP: 94
10299 -1 10315 -1 #SUP: 144
10299 -1 12895 -1 #SUP: 104
10299 -1 33469 -1 #SUP: 93
10299 -1 12695 -1 #SUP: 94
12347 -1 #SUP: 229
12347 -1 12355 -1 #SUP: 98
12351 -1 #SUP: 146
10303 -1 #SUP: 353
10303 -1 10307 -1 #SUP: 107
10307 -1 #SUP: 2363
10307 -1 12815 -1 #SUP: 141
10307 -1 12815 -1 12895 -1 #SUP: 124
10307 -1 12819 -1 #SUP: 160
10307 -1 12827 -1 #SUP: 179
10307 -1 12827 -1 12895 -1 #SUP: 137
10307 -1 12831 -1 #SUP: 202
10307 -1 10311 -1 #SUP: 502
10307 -1 10311 -1 10315 -1 #SUP: 214
10307 -1 10311 -1 12895 -1 #SUP: 130
10307 -1 10311 -1 33469 -1 #SUP: 98
10307 -1 10311 -1 12483 -1 #SUP: 115
10307 -1 10311 -1 12487 -1 #SUP: 139
10307 -1 10311 -1 12695 -1 #SUP: 112
10307 -1 10311 -1 12703 -1 #SUP: 144
10307 -1 10311 -1 32213 -1 #SUP: 100
10307 -1 10315 -1 #SUP: 366
10307 -1 10315 -1 12487 -1 #SUP: 102
10307 -1 10315 -1 12703 -1 #SUP: 92
10307 -1 12875 -1 #SUP: 107
10307 -1 10331 -1 #SUP: 95
10307 -1 12895 -1 #SUP: 387
10307 -1 10335 -1 #SUP: 116
10307 -1 33433 -1 #SUP: 106
10307 -1 33449 -1 #SUP: 199
10307 -1 33449 -1 33469 -1 #SUP: 130
10307 -1 33469 -1 #SUP: 229
10307 -1 12479 -1 #SUP: 131
10307 -1 12483 -1 #SUP: 196
10307 -1 12483 -1 12487 -1 #SUP: 108
10307 -1 12487 -1 #SUP: 217
10307 -1 12487 -1 12703 -1 #SUP: 98
10307 -1 12527 -1 #SUP: 94
10307 -1 12621 -1 #SUP: 161
10307 -1 12627 -1 #SUP: 108
10307 -1 12655 -1 #SUP: 95
10307 -1 12663 -1 #SUP: 169
10307 -1 12663 -1 12895 -1 #SUP: 90
10307 -1 12679 -1 #SUP: 249
10307 -1 12679 -1 12895 -1 #SUP: 119
10307 -1 12683 -1 #SUP: 159
10307 -1 12687 -1 #SUP: 98
10307 -1 12691 -1 #SUP: 142
10307 -1 12695 -1 #SUP: 233
10307 -1 12695 -1 12895 -1 #SUP: 96
10307 -1 12695 -1 12703 -1 #SUP: 119
10307 -1 12703 -1 #SUP: 214
10307 -1 32201 -1 #SUP: 125
10307 -1 32205 -1 #SUP: 127
10307 -1 32209 -1 #SUP: 96
10307 -1 32213 -1 #SUP: 144
10307 -1 12759 -1 #SUP: 115
10307 -1 12779 -1 #SUP: 92
10307 -1 12795 -1 #SUP: 152
10307 -1 12795 -1 12831 -1 #SUP: 93
12355 -1 #SUP: 921
12355 -1 12895 -1 #SUP: 125
12355 -1 12895 -1 18863 -1 #SUP: 90
12355 -1 12663 -1 #SUP: 116
12355 -1 12663 -1 18863 -1 #SUP: 93
12355 -1 18863 -1 #SUP: 179
12355 -1 12751 -1 #SUP: 101
12355 -1 12783 -1 #SUP: 122
12355 -1 12783 -1 12895 -1 #SUP: 94
12355 -1 12783 -1 12895 -1 18863 -1 #SUP: 90
12355 -1 12783 -1 18863 -1 #SUP: 98
18499 -1 #SUP: 147
34885 -1 #SUP: 518
34885 -1 34889 -1 #SUP: 104
34885 -1 34893 -1 #SUP: 123
34885 -1 34897 -1 #SUP: 162
10311 -1 #SUP: 1887
10311 -1 12815 -1 #SUP: 98
10311 -1 12819 -1 #SUP: 111
10311 -1 12827 -1 #SUP: 141
10311 -1 12827 -1 12895 -1 #SUP: 98
10311 -1 12831 -1 #SUP: 144
10311 -1 12875 -1 #SUP: 270
10311 -1 12875 -1 32213 -1 #SUP: 103
10311 -1 10315 -1 #SUP: 548
10311 -1 10315 -1 12895 -1 #SUP: 97
10311 -1 10315 -1 12483 -1 #SUP: 131
10311 -1 10315 -1 12483 -1 12487 -1 #SUP: 90
10311 -1 10315 -1 12487 -1 #SUP: 169
10311 -1 10315 -1 12487 -1 12703 -1 #SUP: 100
10311 -1 10315 -1 12695 -1 #SUP: 100
10311 -1 10315 -1 12703 -1 #SUP: 156
10311 -1 10315 -1 32213 -1 #SUP: 118
10311 -1 34893 -1 #SUP: 180
10311 -1 12895 -1 #SUP: 229
10311 -1 10335 -1 #SUP: 105
10311 -1 33449 -1 #SUP: 145
10311 -1 33469 -1 #SUP: 145
10311 -1 12479 -1 #SUP: 128
10311 -1 12479 -1 12487 -1 #SUP: 97
10311 -1 12483 -1 #SUP: 365
10311 -1 12483 -1 12875 -1 #SUP: 114
10311 -1 12483 -1 12703 -1 #SUP: 145
10311 -1 12483 -1 12487 -1 #SUP: 245
10311 -1 12483 -1 12487 -1 12875 -1 #SUP: 99
10311 -1 12483 -1 12487 -1 12703 -1 #SUP: 121
10311 -1 12483 -1 32213 -1 #SUP: 106
10311 -1 12487 -1 #SUP: 494
10311 -1 12487 -1 12571 -1 #SUP: 106
10311 -1 12487 -1 12571 -1 12703 -1 #SUP: 90
10311 -1 12487 -1 12875 -1 #SUP: 174
10311 -1 12487 -1 34893 -1 #SUP: 123
10311 -1 12487 -1 12695 -1 #SUP: 91
10311 -1 12487 -1 12703 -1 #SUP: 261
10311 -1 12487 -1 12703 -1 12875 -1 #SUP: 108
10311 -1 12487 -1 12703 -1 34893 -1 #SUP: 97
10311 -1 12487 -1 12703 -1 32213 -1 #SUP: 155
10311 -1 12487 -1 32213 -1 #SUP: 198
10311 -1 12487 -1 32213 -1 34893 -1 #SUP: 95
10311 -1 12571 -1 #SUP: 147
10311 -1 12571 -1 12703 -1 #SUP: 106
10311 -1 12575 -1 #SUP: 100
10311 -1 12621 -1 #SUP: 100
10311 -1 12663 -1 #SUP: 98
10311 -1 12679 -1 #SUP: 152
10311 -1 12683 -1 #SUP: 107
10311 -1 12695 -1 #SUP: 211
10311 -1 12695 -1 12703 -1 #SUP: 159
10311 -1 12703 -1 #SUP: 454
10311 -1 12703 -1 12875 -1 #SUP: 135
10311 -1 12703 -1 34893 -1 #SUP: 120
10311 -1 12703 -1 32213 -1 #SUP: 216
10311 -1 12703 -1 32213 -1 34893 -1 #SUP: 96
10311 -1 32205 -1 #SUP: 117
10311 -1 32213 -1 #SUP: 347
10311 -1 32213 -1 34893 -1 #SUP: 122
10311 -1 12759 -1 #SUP: 99
10311 -1 12795 -1 #SUP: 106
34889 -1 #SUP: 386
34889 -1 34901 -1 #SUP: 125
34889 -1 34905 -1 #SUP: 126
18507 -1 #SUP: 165
10315 -1 #SUP: 2259
10315 -1 12819 -1 #SUP: 117
10315 -1 12827 -1 #SUP: 129
10315 -1 12831 -1 #SUP: 170
10315 -1 12875 -1 #SUP: 151
10315 -1 10331 -1 #SUP: 193
10315 -1 10335 -1 #SUP: 264
10315 -1 12895 -1 #SUP: 241
10315 -1 10339 -1 #SUP: 176
10315 -1 33449 -1 #SUP: 198
10315 -1 33449 -1 33469 -1 #SUP: 109
10315 -1 12463 -1 #SUP: 90
10315 -1 33469 -1 #SUP: 172
10315 -1 12479 -1 #SUP: 126
10315 -1 12483 -1 #SUP: 254
10315 -1 12483 -1 12487 -1 #SUP: 134
10315 -1 12487 -1 #SUP: 284
10315 -1 12487 -1 12703 -1 #SUP: 133
10315 -1 12487 -1 32213 -1 #SUP: 110
10315 -1 12571 -1 #SUP: 94
10315 -1 12679 -1 #SUP: 130
10315 -1 12683 -1 #SUP: 94
10315 -1 12691 -1 #SUP: 107
10315 -1 12695 -1 #SUP: 177
10315 -1 12695 -1 12703 -1 #SUP: 113
10315 -1 12703 -1 #SUP: 239
10315 -1 12703 -1 32213 -1 #SUP: 110
10315 -1 32201 -1 #SUP: 96
10315 -1 32205 -1 #SUP: 109
10315 -1 32213 -1 #SUP: 201
10315 -1 12759 -1 #SUP: 103
10315 -1 12795 -1 #SUP: 97
34893 -1 #SUP: 666
34893 -1 34897 -1 #SUP: 113
12367 -1 #SUP: 292
12367 -1 12395 -1 #SUP: 93
10319 -1 #SUP: 112
18511 -1 #SUP: 108
34897 -1 #SUP: 344
12371 -1 #SUP: 176
34901 -1 #SUP: 328
34901 -1 34905 -1 #SUP: 111
10327 -1 #SUP: 161
34905 -1 #SUP: 370
10331 -1 #SUP: 545
10331 -1 10335 -1 #SUP: 173
10331 -1 33449 -1 #SUP: 96
18523 -1 #SUP: 109
34909 -1 #SUP: 158
18527 -1 #SUP: 201
10335 -1 #SUP: 753
34913 -1 #SUP: 176
12387 -1 #SUP: 151
10339 -1 #SUP: 320
34917 -1 #SUP: 168
34921 -1 #SUP: 206
12395 -1 #SUP: 221
34925 -1 #SUP: 184
12399 -1 #SUP: 238
34929 -1 #SUP: 198
12403 -1 #SUP: 347
18547 -1 #SUP: 297
12407 -1 #SUP: 513
12407 -1 12411 -1 #SUP: 123
18551 -1 #SUP: 90
12411 -1 #SUP: 630
12415 -1 #SUP: 96
12419 -1 #SUP: 272
18563 -1 #SUP: 113
12427 -1 #SUP: 178
12431 -1 #SUP: 817
12431 -1 12895 -1 #SUP: 109
12431 -1 12895 -1 18863 -1 #SUP: 96
12431 -1 18863 -1 #SUP: 99
12431 -1 12751 -1 #SUP: 96
12431 -1 12751 -1 12895 -1 #SUP: 93
12431 -1 12751 -1 12895 -1 18863 -1 #SUP: 93
12431 -1 12751 -1 18863 -1 #SUP: 94
12439 -1 #SUP: 279
18587 -1 #SUP: 164
12443 -1 #SUP: 102
12447 -1 #SUP: 305
12451 -1 #SUP: 270
18599 -1 #SUP: 122
12459 -1 #SUP: 269
18603 -1 #SUP: 146
12463 -1 #SUP: 693
12463 -1 12895 -1 #SUP: 92
12463 -1 12691 -1 #SUP: 91
12463 -1 12479 -1 #SUP: 91
12463 -1 12487 -1 #SUP: 162
12463 -1 12491 -1 #SUP: 90
18611 -1 #SUP: 91
12467 -1 #SUP: 354
12471 -1 #SUP: 173
18619 -1 #SUP: 346
12475 -1 #SUP: 148
12479 -1 #SUP: 613
12479 -1 12895 -1 #SUP: 112
12479 -1 12695 -1 #SUP: 99
12479 -1 12483 -1 #SUP: 217
12479 -1 12483 -1 12487 -1 #SUP: 154
12479 -1 12487 -1 #SUP: 229
12483 -1 #SUP: 1523
12483 -1 12827 -1 #SUP: 109
12483 -1 12571 -1 #SUP: 105
12483 -1 12831 -1 #SUP: 112
12483 -1 12875 -1 #SUP: 214
12483 -1 34893 -1 #SUP: 150
12483 -1 12895 -1 #SUP: 126
12483 -1 12679 -1 #SUP: 98
12483 -1 12695 -1 #SUP: 132
12483 -1 12695 -1 12703 -1 #SUP: 95
12483 -1 12703 -1 #SUP: 245
12483 -1 12703 -1 34893 -1 #SUP: 90
12483 -1 12703 -1 32213 -1 #SUP: 110
12483 -1 33449 -1 #SUP: 100
12483 -1 12487 -1 #SUP: 680
12483 -1 12487 -1 12875 -1 #SUP: 168
12483 -1 12487 -1 34893 -1 #SUP: 116
12483 -1 12487 -1 12695 -1 #SUP: 96
12483 -1 12487 -1 12703 -1 #SUP: 191
12483 -1 12487 -1 12703 -1 32213 -1 #SUP: 94
12483 -1 12487 -1 32213 -1 #SUP: 142
12483 -1 32205 -1 #SUP: 108
12483 -1 32213 -1 #SUP: 200
12483 -1 12759 -1 #SUP: 93
12487 -1 #SUP: 1816
12487 -1 12571 -1 #SUP: 201
12487 -1 12571 -1 12703 -1 #SUP: 126
12487 -1 12571 -1 32213 -1 #SUP: 113
12487 -1 12827 -1 #SUP: 121
12487 -1 12575 -1 #SUP: 103
12487 -1 12831 -1 #SUP: 114
12487 -1 12875 -1 #SUP: 329
12487 -1 12875 -1 34893 -1 #SUP: 126
12487 -1 12875 -1 32213 -1 #SUP: 121
12487 -1 34893 -1 #SUP: 254
12487 -1 12895 -1 #SUP: 175
12487 -1 12679 -1 #SUP: 110
12487 -1 12683 -1 #SUP: 93
12487 -1 12691 -1 #SUP: 92
12487 -1 12695 -1 #SUP: 194
12487 -1 12695 -1 12703 -1 #SUP: 154
12487 -1 12703 -1 #SUP: 493
12487 -1 12703 -1 12875 -1 #SUP: 161
12487 -1 12703 -1 12875 -1 32213 -1 #SUP: 96
12487 -1 12703 -1 34893 -1 #SUP: 160
12487 -1 12703 -1 32213 -1 #SUP: 249
12487 -1 12703 -1 32213 -1 34893 -1 #SUP: 113
12487 -1 33449 -1 #SUP: 131
12487 -1 33469 -1 #SUP: 122
12487 -1 32205 -1 #SUP: 120
12487 -1 32205 -1 32213 -1 #SUP: 96
12487 -1 12495 -1 #SUP: 105
12487 -1 32213 -1 #SUP: 397
12487 -1 32213 -1 34893 -1 #SUP: 143
46281 -1 #SUP: 182
12491 -1 #SUP: 340
18635 -1 #SUP: 134
46285 -1 #SUP: 134
12495 -1 #SUP: 430
46289 -1 #SUP: 173
46293 -1 #SUP: 121
12515 -1 #SUP: 300
12519 -1 #SUP: 94
12523 -1 #SUP: 349
12523 -1 12527 -1 #SUP: 121
12523 -1 12531 -1 #SUP: 130
12527 -1 #SUP: 363
12527 -1 12531 -1 #SUP: 113
18671 -1 #SUP: 91
12531 -1 #SUP: 330
18675 -1 #SUP: 160
12535 -1 #SUP: 95
18683 -1 #SUP: 120
18691 -1 #SUP: 356
12547 -1 #SUP: 372
12547 -1 12555 -1 #SUP: 98
12551 -1 #SUP: 423
18695 -1 #SUP: 139
12555 -1 #SUP: 388
12559 -1 #SUP: 785
18703 -1 #SUP: 106
18707 -1 #SUP: 335
12563 -1 #SUP: 195
12567 -1 #SUP: 782
12571 -1 #SUP: 550
12571 -1 12575 -1 #SUP: 200
12571 -1 12875 -1 #SUP: 114
12571 -1 34893 -1 #SUP: 111
12571 -1 12703 -1 #SUP: 187
12571 -1 12703 -1 32213 -1 #SUP: 111
12571 -1 32213 -1 #SUP: 174
12575 -1 #SUP: 387
12575 -1 12703 -1 #SUP: 98
12575 -1 32213 -1 #SUP: 94
18723 -1 #SUP: 193
12579 -1 #SUP: 179
18727 -1 #SUP: 189
12583 -1 #SUP: 162
12587 -1 #SUP: 206
12591 -1 #SUP: 223
12595 -1 #SUP: 186
12603 -1 #SUP: 460
12603 -1 12621 -1 #SUP: 141
12607 -1 #SUP: 284
12611 -1 #SUP: 456
12611 -1 12621 -1 #SUP: 185
12611 -1 12755 -1 #SUP: 107
20807 -1 #SUP: 357
12615 -1 #SUP: 179
12621 -1 #SUP: 1148
12621 -1 12895 -1 #SUP: 91
12621 -1 12783 -1 #SUP: 91
35149 -1 #SUP: 214
35153 -1 #SUP: 183
35153 -1 35169 -1 #SUP: 97
12627 -1 #SUP: 654
12627 -1 12631 -1 #SUP: 93
12627 -1 12691 -1 #SUP: 117
12627 -1 12695 -1 #SUP: 91
12627 -1 33449 -1 #SUP: 100
35157 -1 #SUP: 163
35157 -1 35169 -1 #SUP: 92
12631 -1 #SUP: 233
35161 -1 #SUP: 96
18779 -1 #SUP: 91
12635 -1 #SUP: 109
35165 -1 #SUP: 183
35169 -1 #SUP: 216
18787 -1 #SUP: 553
12643 -1 #SUP: 210
12647 -1 #SUP: 340
12647 -1 12651 -1 #SUP: 100
12647 -1 12655 -1 #SUP: 151
12647 -1 12667 -1 #SUP: 108
35177 -1 #SUP: 216
12651 -1 #SUP: 163
18795 -1 #SUP: 132
35181 -1 #SUP: 227
12655 -1 #SUP: 582
12655 -1 12667 -1 #SUP: 101
12655 -1 33469 -1 #SUP: 109
18799 -1 #SUP: 101
35185 -1 #SUP: 511
12659 -1 #SUP: 749
12663 -1 #SUP: 1445
12663 -1 12895 -1 #SUP: 196
12663 -1 12667 -1 #SUP: 195
12663 -1 12671 -1 #SUP: 98
12663 -1 12679 -1 #SUP: 178
12663 -1 12679 -1 12895 -1 #SUP: 97
12663 -1 18863 -1 #SUP: 106
12663 -1 12751 -1 #SUP: 106
12667 -1 #SUP: 450
12667 -1 12671 -1 #SUP: 122
18815 -1 #SUP: 91
12671 -1 #SUP: 237
12675 -1 #SUP: 422
35205 -1 #SUP: 92
12679 -1 #SUP: 1295
12679 -1 12827 -1 #SUP: 118
12679 -1 12827 -1 12895 -1 #SUP: 98
12679 -1 12831 -1 #SUP: 108
12679 -1 12895 -1 #SUP: 295
12679 -1 12683 -1 #SUP: 244
12679 -1 12683 -1 12895 -1 #SUP: 96
12679 -1 12683 -1 12703 -1 #SUP: 102
12679 -1 12691 -1 #SUP: 98
12679 -1 12695 -1 #SUP: 183
12679 -1 12695 -1 12703 -1 #SUP: 141
12679 -1 12703 -1 #SUP: 286
12679 -1 12703 -1 12895 -1 #SUP: 98
12679 -1 33449 -1 #SUP: 143
12679 -1 33469 -1 #SUP: 107
12683 -1 #SUP: 624
12683 -1 12827 -1 #SUP: 93
12683 -1 12831 -1 #SUP: 108
12683 -1 12895 -1 #SUP: 153
12683 -1 12687 -1 #SUP: 129
12683 -1 12687 -1 12691 -1 #SUP: 92
12683 -1 12691 -1 #SUP: 162
12683 -1 12691 -1 12695 -1 #SUP: 106
12683 -1 12695 -1 #SUP: 221
12683 -1 12695 -1 12703 -1 #SUP: 118
12683 -1 12703 -1 #SUP: 188
12683 -1 33449 -1 #SUP: 135
12683 -1 33469 -1 #SUP: 119
35213 -1 #SUP: 238
18831 -1 #SUP: 376
12687 -1 #SUP: 584
12687 -1 12691 -1 #SUP: 153
12687 -1 12695 -1 #SUP: 128
12687 -1 12703 -1 #SUP: 128
12691 -1 #SUP: 773
12691 -1 12819 -1 #SUP: 109
12691 -1 12831 -1 #SUP: 112
12691 -1 34885 -1 #SUP: 94
12691 -1 12895 -1 #SUP: 130
12691 -1 33425 -1 #SUP: 92
12691 -1 12695 -1 #SUP: 231
12691 -1 12695 -1 12703 -1 #SUP: 112
12691 -1 12703 -1 #SUP: 168
12691 -1 33449 -1 #SUP: 152
12691 -1 33449 -1 33469 -1 #SUP: 91
12691 -1 33469 -1 #SUP: 123
12695 -1 #SUP: 1080
12695 -1 12819 -1 #SUP: 111
12695 -1 12827 -1 #SUP: 98
12695 -1 12831 -1 #SUP: 138
12695 -1 12895 -1 #SUP: 209
12695 -1 12703 -1 #SUP: 473
12695 -1 12703 -1 12895 -1 #SUP: 126
12695 -1 12703 -1 32213 -1 #SUP: 94
12695 -1 33449 -1 #SUP: 204
12695 -1 33449 -1 33469 -1 #SUP: 126
12695 -1 33469 -1 #SUP: 184
12695 -1 32205 -1 #SUP: 105
12695 -1 32213 -1 #SUP: 123
12695 -1 12795 -1 #SUP: 113
12703 -1 #SUP: 1516
12703 -1 12827 -1 #SUP: 116
12703 -1 12831 -1 #SUP: 112
12703 -1 12875 -1 #SUP: 235
12703 -1 12875 -1 34893 -1 #SUP: 104
12703 -1 12875 -1 32213 -1 #SUP: 121
12703 -1 34893 -1 #SUP: 227
12703 -1 12895 -1 #SUP: 188
12703 -1 33449 -1 #SUP: 143
12703 -1 33469 -1 #SUP: 133
12703 -1 32205 -1 #SUP: 113
12703 -1 32205 -1 32213 -1 #SUP: 94
12703 -1 32213 -1 #SUP: 431
12703 -1 32213 -1 34893 -1 #SUP: 147
18847 -1 #SUP: 130
18855 -1 #SUP: 251
12711 -1 #SUP: 410
12711 -1 12715 -1 #SUP: 96
12711 -1 12723 -1 #SUP: 90
12715 -1 #SUP: 985
12715 -1 12719 -1 #SUP: 99
12715 -1 12723 -1 #SUP: 196
12715 -1 12727 -1 #SUP: 94
12719 -1 #SUP: 309
18863 -1 #SUP: 583
12723 -1 #SUP: 970
12723 -1 12727 -1 #SUP: 178
12723 -1 12731 -1 #SUP: 101
12727 -1 #SUP: 425
18871 -1 #SUP: 294
12731 -1 #SUP: 306
18879 -1 #SUP: 204
12735 -1 #SUP: 349
12735 -1 12743 -1 #SUP: 95
12735 -1 12759 -1 #SUP: 148
12735 -1 12763 -1 #SUP: 138
12735 -1 12779 -1 #SUP: 92
48575 -1 #SUP: 90
12739 -1 #SUP: 312
12739 -1 12759 -1 #SUP: 113
12739 -1 12763 -1 #SUP: 90
12739 -1 12779 -1 #SUP: 91
32197 -1 #SUP: 211
32197 -1 32205 -1 #SUP: 105
12743 -1 #SUP: 349
12743 -1 12759 -1 #SUP: 103
12743 -1 12763 -1 #SUP: 138
12743 -1 12779 -1 #SUP: 125
32201 -1 #SUP: 466
32201 -1 32205 -1 #SUP: 200
32201 -1 32205 -1 32213 -1 #SUP: 114
32201 -1 32209 -1 #SUP: 142
32201 -1 32213 -1 #SUP: 163
12747 -1 #SUP: 393
12747 -1 12751 -1 #SUP: 123
12747 -1 12755 -1 #SUP: 91
32205 -1 #SUP: 670
32205 -1 32209 -1 #SUP: 129
32205 -1 32213 -1 #SUP: 304
32205 -1 33449 -1 #SUP: 129
32205 -1 33469 -1 #SUP: 115
12751 -1 #SUP: 766
12751 -1 12895 -1 #SUP: 132
12751 -1 12895 -1 18863 -1 #SUP: 94
12751 -1 18863 -1 #SUP: 178
12751 -1 12755 -1 #SUP: 95
32209 -1 #SUP: 381
12755 -1 #SUP: 509
12755 -1 12771 -1 #SUP: 148
32213 -1 #SUP: 1253
32213 -1 34893 -1 #SUP: 210
32213 -1 33449 -1 #SUP: 120
32213 -1 33469 -1 #SUP: 105
12759 -1 #SUP: 641
12759 -1 12895 -1 #SUP: 93
12759 -1 12763 -1 #SUP: 129
12759 -1 12771 -1 #SUP: 104
12759 -1 12779 -1 #SUP: 117
32217 -1 #SUP: 117
12763 -1 #SUP: 525
12763 -1 12779 -1 #SUP: 144
32221 -1 #SUP: 181
12767 -1 #SUP: 312
12771 -1 #SUP: 525
12775 -1 #SUP: 364
12779 -1 #SUP: 610
12783 -1 #SUP: 740
12783 -1 12895 -1 #SUP: 119
12783 -1 12895 -1 18863 -1 #SUP: 90
12783 -1 18863 -1 #SUP: 105
12783 -1 12787 -1 #SUP: 113
12787 -1 #SUP: 356
12795 -1 #SUP: 700
12795 -1 12815 -1 #SUP: 117
12795 -1 12819 -1 #SUP: 242
12795 -1 12819 -1 12831 -1 #SUP: 119
12795 -1 12831 -1 #SUP: 267
12795 -1 12831 -1 12895 -1 #SUP: 91
12795 -1 12895 -1 #SUP: 172
12795 -1 33449 -1 #SUP: 93
12795 -1 33469 -1 #SUP: 108
12799 -1 #SUP: 131
12803 -1 #SUP: 208
12807 -1 #SUP: 460
12811 -1 #SUP: 90
12815 -1 #SUP: 595
12815 -1 12819 -1 #SUP: 94
12815 -1 12827 -1 #SUP: 167
12815 -1 12827 -1 12895 -1 #SUP: 162
12815 -1 12831 -1 #SUP: 92
12815 -1 12895 -1 #SUP: 468
12815 -1 33449 -1 #SUP: 92
12815 -1 33469 -1 #SUP: 101
12819 -1 #SUP: 893
12819 -1 12823 -1 #SUP: 111
12819 -1 12831 -1 #SUP: 169
12819 -1 12895 -1 #SUP: 179
12819 -1 33449 -1 #SUP: 90
12819 -1 33469 -1 #SUP: 102
12823 -1 #SUP: 469
12823 -1 12831 -1 #SUP: 96
12827 -1 #SUP: 797
12827 -1 12831 -1 #SUP: 138
12827 -1 12875 -1 #SUP: 138
12827 -1 12895 -1 #SUP: 463
12827 -1 12895 -1 33449 -1 #SUP: 103
12827 -1 12895 -1 33469 -1 #SUP: 97
12827 -1 33449 -1 #SUP: 138
12827 -1 33449 -1 33469 -1 #SUP: 90
12827 -1 33469 -1 #SUP: 121
48667 -1 #SUP: 126
12831 -1 #SUP: 921
12831 -1 12895 -1 #SUP: 188
12831 -1 33449 -1 #SUP: 136
12831 -1 33449 -1 33469 -1 #SUP: 97
12831 -1 33469 -1 #SUP: 132
12835 -1 #SUP: 430
48675 -1 #SUP: 160
12839 -1 #SUP: 178
12843 -1 #SUP: 310
12847 -1 #SUP: 376
12851 -1 #SUP: 162
12855 -1 #SUP: 326
12859 -1 #SUP: 108
12863 -1 #SUP: 122
12867 -1 #SUP: 390
48707 -1 #SUP: 171
12871 -1 #SUP: 270
48711 -1 #SUP: 107
12875 -1 #SUP: 1064
12875 -1 34893 -1 #SUP: 172
12875 -1 12895 -1 #SUP: 194
12875 -1 32213 -1 #SUP: 167
12875 -1 32213 -1 34893 -1 #SUP: 98
10829 -1 #SUP: 161
12879 -1 #SUP: 310
10833 -1 #SUP: 265
12883 -1 #SUP: 353
12887 -1 #SUP: 208
10841 -1 #SUP: 288
10841 -1 10881 -1 #SUP: 100
12891 -1 #SUP: 163
10845 -1 #SUP: 138
12895 -1 #SUP: 2948
12895 -1 33433 -1 #SUP: 92
12895 -1 33449 -1 #SUP: 292
12895 -1 33449 -1 33469 -1 #SUP: 173
12895 -1 18863 -1 #SUP: 189
12895 -1 33469 -1 #SUP: 256
12895 -1 34885 -1 #SUP: 98
12895 -1 32213 -1 #SUP: 91
10849 -1 #SUP: 271
12899 -1 #SUP: 118
12903 -1 #SUP: 263
10857 -1 #SUP: 359
10857 -1 10861 -1 #SUP: 162
10857 -1 10865 -1 #SUP: 108
12907 -1 #SUP: 355
10861 -1 #SUP: 365
10861 -1 10865 -1 #SUP: 108
10865 -1 #SUP: 233
10869 -1 #SUP: 98
10877 -1 #SUP: 1137
10877 -1 12339 -1 #SUP: 138
10877 -1 12355 -1 #SUP: 105
10877 -1 10881 -1 #SUP: 99
10881 -1 #SUP: 346
33425 -1 #SUP: 269
33425 -1 33429 -1 #SUP: 120
33425 -1 33449 -1 #SUP: 114
33429 -1 #SUP: 410
33429 -1 34885 -1 #SUP: 122
33429 -1 33449 -1 #SUP: 179
33429 -1 33469 -1 #SUP: 104
33433 -1 #SUP: 725
33433 -1 33449 -1 #SUP: 366
33433 -1 33449 -1 33453 -1 #SUP: 126
33433 -1 33449 -1 33453 -1 33469 -1 #SUP: 117
33433 -1 33449 -1 33469 -1 #SUP: 273
33433 -1 33453 -1 #SUP: 231
33433 -1 33453 -1 33469 -1 #SUP: 178
33433 -1 33465 -1 #SUP: 128
33433 -1 33465 -1 33469 -1 #SUP: 104
33433 -1 33469 -1 #SUP: 496
33437 -1 #SUP: 261
33437 -1 33449 -1 #SUP: 96
33437 -1 33469 -1 #SUP: 113
33441 -1 #SUP: 190
33445 -1 #SUP: 123
33449 -1 #SUP: 3351
33449 -1 34885 -1 #SUP: 174
33449 -1 34889 -1 #SUP: 97
33449 -1 34897 -1 #SUP: 103
33449 -1 34905 -1 #SUP: 92
33449 -1 33453 -1 #SUP: 229
33449 -1 33453 -1 33469 -1 #SUP: 209
33449 -1 33465 -1 #SUP: 103
33449 -1 33469 -1 #SUP: 1183
33453 -1 #SUP: 521
33453 -1 33465 -1 #SUP: 92
33453 -1 33469 -1 #SUP: 387
33457 -1 #SUP: 142
33465 -1 #SUP: 213
33465 -1 33469 -1 #SUP: 128
33469 -1 #SUP: 3449
33469 -1 34885 -1 #SUP: 106
33469 -1 34889 -1 #SUP: 103
33469 -1 34905 -1 #SUP: 91
47945 -1 #SUP: 227
47945 -1 47973 -1 #SUP: 127
47949 -1 #SUP: 218
47953 -1 #SUP: 196
47957 -1 #SUP: 281
47973 -1 #SUP: 207
18423 -1 #SUP: 240
18427 -1 #SUP: 250
