12803 -1 #SUP: 133
12807 -1 #SUP: 324
12807 -1 12819 -1 #SUP: 60
12299 -1 #SUP: 350
12811 -1 #SUP: 60
18447 -1 #SUP: 110
12815 -1 #SUP: 420
12815 -1 12819 -1 #SUP: 64
12815 -1 12827 -1 #SUP: 114
12815 -1 12827 -1 12895 -1 #SUP: 109
12815 -1 12831 -1 #SUP: 69
12815 -1 12895 -1 #SUP: 339
12815 -1 12895 -1 33469 -1 #SUP: 64
12815 -1 33449 -1 #SUP: 65
12815 -1 33469 -1 #SUP: 72
12819 -1 #SUP: 634
12819 -1 12823 -1 #SUP: 73
12819 -1 12831 -1 #SUP: 115
12819 -1 12895 -1 #SUP: 135
12819 -1 33449 -1 #SUP: 60
12819 -1 33469 -1 #SUP: 71
12823 -1 #SUP: 302
18459 -1 #SUP: 75
12827 -1 #SUP: 501
12827 -1 12831 -1 #SUP: 82
12827 -1 12875 -1 #SUP: 64
12827 -1 12895 -1 #SUP: 305
12827 -1 12895 -1 33449 -1 #SUP: 69
12827 -1 12895 -1 33469 -1 #SUP: 66
12827 -1 33449 -1 #SUP: 92
12827 -1 33449 -1 33469 -1 #SUP: 64
12827 -1 33469 -1 #SUP: 83
12831 -1 #SUP: 580
12831 -1 33449 -1 #SUP: 92
12831 -1 33449 -1 33469 -1 #SUP: 69
12831 -1 33469 -1 #SUP: 87
12831 -1 12895 -1 #SUP: 128
12323 -1 #SUP: 129
12835 -1 #SUP: 311
12327 -1 #SUP: 220
12839 -1 #SUP: 110
12331 -1 #SUP: 163
12843 -1 #SUP: 180
12847 -1 #SUP: 272
12335 -1 #SUP: 172
10291 -1 #SUP: 177
10291 -1 10295 -1 #SUP: 63
12851 -1 #SUP: 115
12339 -1 #SUP: 735
12339 -1 12387 -1 #SUP: 134
12339 -1 12407 -1 #SUP: 74
12339 -1 35185 -1 #SUP: 227
10295 -1 #SUP: 1016
10295 -1 12815 -1 #SUP: 90
10295 -1 12815 -1 12895 -1 #SUP: 77
10295 -1 12819 -1 #SUP: 133
10295 -1 12827 -1 #SUP: 103
10295 -1 12827 -1 12895 -1 #SUP: 85
10295 -1 12831 -1 #SUP: 118
10295 -1 10299 -1 #SUP: 171
10295 -1 10299 -1 10307 -1 #SUP: 161
10295 -1 10299 -1 10307 -1 10311 -1 #SUP: 97
10295 -1 10299 -1 10307 -1 10315 -1 #SUP: 60
10295 -1 10299 -1 10307 -1 12895 -1 #SUP: 61
10295 -1 10299 -1 10307 -1 12695 -1 #SUP: 62
10295 -1 10299 -1 10311 -1 #SUP: 101
10295 -1 10299 -1 10315 -1 #SUP: 64
10295 -1 10299 -1 12895 -1 #SUP: 63
10295 -1 10299 -1 12695 -1 #SUP: 63
10295 -1 10303 -1 #SUP: 63
10295 -1 10307 -1 #SUP: 496
10295 -1 10307 -1 12815 -1 #SUP: 73
10295 -1 10307 -1 12815 -1 12895 -1 #SUP: 65
10295 -1 10307 -1 12819 -1 #SUP: 83
10295 -1 10307 -1 12827 -1 #SUP: 82
10295 -1 10307 -1 12827 -1 12895 -1 #SUP: 71
10295 -1 10307 -1 12831 -1 #SUP: 89
10295 -1 10307 -1 10311 -1 #SUP: 230
10295 -1 10307 -1 10311 -1 10315 -1 #SUP: 92
10295 -1 10307 -1 10311 -1 12895 -1 #SUP: 84
10295 -1 10307 -1 10311 -1 12487 -1 #SUP: 66
10295 -1 10307 -1 10311 -1 12695 -1 #SUP: 69
10295 -1 10307 -1 10311 -1 12703 -1 #SUP: 69
10295 -1 10307 -1 10315 -1 #SUP: 153
10295 -1 10307 -1 12895 -1 #SUP: 152
10295 -1 10307 -1 33449 -1 #SUP: 92
10295 -1 10307 -1 33449 -1 33469 -1 #SUP: 76
10295 -1 10307 -1 33469 -1 #SUP: 100
10295 -1 10307 -1 12483 -1 #SUP: 64
10295 -1 10307 -1 12487 -1 #SUP: 85
10295 -1 10307 -1 12679 -1 #SUP: 86
10295 -1 10307 -1 12683 -1 #SUP: 87
10295 -1 10307 -1 12691 -1 #SUP: 69
10295 -1 10307 -1 12695 -1 #SUP: 124
10295 -1 10307 -1 12695 -1 12895 -1 #SUP: 63
10295 -1 10307 -1 12695 -1 12703 -1 #SUP: 64
10295 -1 10307 -1 12703 -1 #SUP: 89
10295 -1 10307 -1 12795 -1 #SUP: 69
10295 -1 10311 -1 #SUP: 385
10295 -1 10311 -1 12819 -1 #SUP: 63
10295 -1 10311 -1 12827 -1 #SUP: 64
10295 -1 10311 -1 12831 -1 #SUP: 60
10295 -1 10311 -1 10315 -1 #SUP: 146
10295 -1 10311 -1 12895 -1 #SUP: 111
10295 -1 10311 -1 33449 -1 #SUP: 64
10295 -1 10311 -1 33469 -1 #SUP: 63
10295 -1 10311 -1 12483 -1 #SUP: 74
10295 -1 10311 -1 12487 -1 #SUP: 95
10295 -1 10311 -1 12695 -1 #SUP: 91
10295 -1 10311 -1 12695 -1 12703 -1 #SUP: 65
10295 -1 10311 -1 12703 -1 #SUP: 97
10295 -1 10315 -1 #SUP: 296
10295 -1 10315 -1 12895 -1 #SUP: 80
10295 -1 10315 -1 33449 -1 #SUP: 66
10295 -1 10315 -1 33469 -1 #SUP: 61
10295 -1 10315 -1 12487 -1 #SUP: 68
10295 -1 10315 -1 12695 -1 #SUP: 68
10295 -1 12875 -1 #SUP: 68
10295 -1 10331 -1 #SUP: 61
10295 -1 12895 -1 #SUP: 228
10295 -1 33433 -1 #SUP: 79
10295 -1 33433 -1 33449 -1 #SUP: 61
10295 -1 33433 -1 33469 -1 #SUP: 64
10295 -1 33449 -1 #SUP: 160
10295 -1 33449 -1 33469 -1 #SUP: 112
10295 -1 12463 -1 #SUP: 95
10295 -1 33469 -1 #SUP: 155
10295 -1 12479 -1 #SUP: 91
10295 -1 12483 -1 #SUP: 107
10295 -1 12483 -1 12487 -1 #SUP: 75
10295 -1 12487 -1 #SUP: 140
10295 -1 12527 -1 #SUP: 66
10295 -1 12627 -1 #SUP: 77
10295 -1 12663 -1 #SUP: 71
10295 -1 12679 -1 #SUP: 110
10295 -1 12679 -1 12895 -1 #SUP: 61
10295 -1 12683 -1 #SUP: 110
10295 -1 12683 -1 12695 -1 #SUP: 67
10295 -1 12687 -1 #SUP: 60
10295 -1 12691 -1 #SUP: 108
10295 -1 12691 -1 12695 -1 #SUP: 64
10295 -1 12695 -1 #SUP: 183
10295 -1 12695 -1 12895 -1 #SUP: 76
10295 -1 12695 -1 12703 -1 #SUP: 86
10295 -1 12695 -1 33449 -1 #SUP: 62
10295 -1 12695 -1 33469 -1 #SUP: 61
10295 -1 12703 -1 #SUP: 130
10295 -1 32201 -1 #SUP: 60
10295 -1 32205 -1 #SUP: 75
10295 -1 32213 -1 #SUP: 76
10295 -1 12759 -1 #SUP: 63
10295 -1 12763 -1 #SUP: 62
10295 -1 12795 -1 #SUP: 104
10295 -1 12795 -1 12831 -1 #SUP: 63
12343 -1 #SUP: 188
18487 -1 #SUP: 95
12855 -1 #SUP: 185
12859 -1 #SUP: 74
10299 -1 #SUP: 349
10299 -1 12831 -1 #SUP: 62
10299 -1 10307 -1 #SUP: 246
10299 -1 10307 -1 10311 -1 #SUP: 124
10299 -1 10307 -1 10315 -1 #SUP: 74
10299 -1 10307 -1 12895 -1 #SUP: 70
10299 -1 10307 -1 12695 -1 #SUP: 64
10299 -1 10311 -1 #SUP: 132
10299 -1 10315 -1 #SUP: 88
10299 -1 12895 -1 #SUP: 73
10299 -1 33469 -1 #SUP: 60
10299 -1 12487 -1 #SUP: 62
10299 -1 12695 -1 #SUP: 66
12347 -1 #SUP: 183
12347 -1 12355 -1 #SUP: 82
12351 -1 #SUP: 125
10303 -1 #SUP: 234
10303 -1 10307 -1 #SUP: 76
12863 -1 #SUP: 75
10307 -1 #SUP: 1446
10307 -1 12815 -1 #SUP: 89
10307 -1 12815 -1 12895 -1 #SUP: 79
10307 -1 12819 -1 #SUP: 117
10307 -1 12827 -1 #SUP: 111
10307 -1 12827 -1 12895 -1 #SUP: 89
10307 -1 12831 -1 #SUP: 136
10307 -1 10311 -1 #SUP: 326
10307 -1 10311 -1 12827 -1 #SUP: 60
10307 -1 10311 -1 10315 -1 #SUP: 121
10307 -1 10311 -1 12895 -1 #SUP: 95
10307 -1 10311 -1 33469 -1 #SUP: 64
10307 -1 10311 -1 12483 -1 #SUP: 70
10307 -1 10311 -1 12487 -1 #SUP: 96
10307 -1 10311 -1 12695 -1 #SUP: 76
10307 -1 10311 -1 12703 -1 #SUP: 94
10307 -1 10315 -1 #SUP: 213
10307 -1 10315 -1 12487 -1 #SUP: 62
10307 -1 10315 -1 12695 -1 #SUP: 61
10307 -1 12875 -1 #SUP: 71
10307 -1 12895 -1 #SUP: 261
10307 -1 33433 -1 #SUP: 72
10307 -1 33449 -1 #SUP: 137
10307 -1 33449 -1 33469 -1 #SUP: 98
10307 -1 12463 -1 #SUP: 76
10307 -1 33469 -1 #SUP: 152
10307 -1 12479 -1 #SUP: 93
10307 -1 12483 -1 #SUP: 113
10307 -1 12483 -1 12487 -1 #SUP: 69
10307 -1 12487 -1 #SUP: 145
10307 -1 12495 -1 #SUP: 62
10307 -1 12527 -1 #SUP: 65
10307 -1 12611 -1 #SUP: 63
10307 -1 12621 -1 #SUP: 69
10307 -1 12627 -1 #SUP: 74
10307 -1 12663 -1 #SUP: 110
10307 -1 12679 -1 #SUP: 159
10307 -1 12679 -1 12895 -1 #SUP: 74
10307 -1 12683 -1 #SUP: 111
10307 -1 12683 -1 12695 -1 #SUP: 63
10307 -1 12687 -1 #SUP: 69
10307 -1 12691 -1 #SUP: 102
10307 -1 12695 -1 #SUP: 158
10307 -1 12695 -1 12895 -1 #SUP: 71
10307 -1 12695 -1 12703 -1 #SUP: 79
10307 -1 12703 -1 #SUP: 136
10307 -1 32201 -1 #SUP: 72
10307 -1 32205 -1 #SUP: 73
10307 -1 12755 -1 #SUP: 61
10307 -1 32213 -1 #SUP: 76
10307 -1 12759 -1 #SUP: 73
10307 -1 12779 -1 #SUP: 66
10307 -1 12795 -1 #SUP: 98
10307 -1 12795 -1 12831 -1 #SUP: 66
12355 -1 #SUP: 672
12355 -1 12431 -1 #SUP: 67
12355 -1 12663 -1 #SUP: 93
12355 -1 12663 -1 18863 -1 #SUP: 73
12355 -1 12663 -1 12751 -1 #SUP: 68
12355 -1 12663 -1 12751 -1 18863 -1 #SUP: 63
12355 -1 18863 -1 #SUP: 77
12355 -1 12751 -1 #SUP: 77
12355 -1 12751 -1 18863 -1 #SUP: 63
12867 -1 #SUP: 267
18499 -1 #SUP: 64
34885 -1 #SUP: 275
34885 -1 34893 -1 #SUP: 64
34885 -1 34897 -1 #SUP: 81
10311 -1 #SUP: 1241
10311 -1 12815 -1 #SUP: 65
10311 -1 12819 -1 #SUP: 80
10311 -1 12827 -1 #SUP: 88
10311 -1 12827 -1 12895 -1 #SUP: 69
10311 -1 12831 -1 #SUP: 93
10311 -1 12875 -1 #SUP: 173
10311 -1 12875 -1 32213 -1 #SUP: 64
10311 -1 10315 -1 #SUP: 320
10311 -1 10315 -1 12895 -1 #SUP: 62
10311 -1 10315 -1 12483 -1 #SUP: 71
10311 -1 10315 -1 12487 -1 #SUP: 95
10311 -1 10315 -1 12695 -1 #SUP: 64
10311 -1 10315 -1 12703 -1 #SUP: 87
10311 -1 34893 -1 #SUP: 98
10311 -1 12895 -1 #SUP: 163
10311 -1 33449 -1 #SUP: 102
10311 -1 33449 -1 33469 -1 #SUP: 69
10311 -1 12463 -1 #SUP: 61
10311 -1 33469 -1 #SUP: 95
10311 -1 12479 -1 #SUP: 92
10311 -1 12479 -1 12487 -1 #SUP: 68
10311 -1 12483 -1 #SUP: 223
10311 -1 12483 -1 12875 -1 #SUP: 72
10311 -1 12483 -1 12703 -1 #SUP: 90
10311 -1 12483 -1 12487 -1 #SUP: 156
10311 -1 12483 -1 12487 -1 12875 -1 #SUP: 65
10311 -1 12483 -1 12487 -1 12703 -1 #SUP: 76
10311 -1 12483 -1 32213 -1 #SUP: 66
10311 -1 12487 -1 #SUP: 303
10311 -1 12487 -1 12571 -1 #SUP: 65
10311 -1 12487 -1 12875 -1 #SUP: 111
10311 -1 12487 -1 34893 -1 #SUP: 62
10311 -1 12487 -1 12703 -1 #SUP: 152
10311 -1 12487 -1 12703 -1 12875 -1 #SUP: 69
10311 -1 12487 -1 12703 -1 32213 -1 #SUP: 85
10311 -1 12487 -1 32213 -1 #SUP: 111
10311 -1 12571 -1 #SUP: 92
10311 -1 12571 -1 12703 -1 #SUP: 69
10311 -1 12575 -1 #SUP: 69
10311 -1 12621 -1 #SUP: 67
10311 -1 12663 -1 #SUP: 68
10311 -1 12679 -1 #SUP: 98
10311 -1 12683 -1 #SUP: 82
10311 -1 12691 -1 #SUP: 60
10311 -1 12695 -1 #SUP: 139
10311 -1 12695 -1 12895 -1 #SUP: 63
10311 -1 12695 -1 12703 -1 #SUP: 101
10311 -1 12703 -1 #SUP: 286
10311 -1 12703 -1 12875 -1 #SUP: 88
10311 -1 12703 -1 34893 -1 #SUP: 67
10311 -1 12703 -1 32213 -1 #SUP: 122
10311 -1 32205 -1 #SUP: 70
10311 -1 32213 -1 #SUP: 184
10311 -1 32213 -1 34893 -1 #SUP: 72
10311 -1 12759 -1 #SUP: 60
10311 -1 12795 -1 #SUP: 72
12871 -1 #SUP: 145
34889 -1 #SUP: 210
34889 -1 34901 -1 #SUP: 74
34889 -1 34905 -1 #SUP: 70
18507 -1 #SUP: 144
12875 -1 #SUP: 616
12875 -1 34893 -1 #SUP: 86
12875 -1 32213 -1 #SUP: 86
12875 -1 12895 -1 #SUP: 103
10315 -1 #SUP: 1226
10315 -1 12819 -1 #SUP: 78
10315 -1 12827 -1 #SUP: 82
10315 -1 12831 -1 #SUP: 106
10315 -1 12875 -1 #SUP: 85
10315 -1 10331 -1 #SUP: 95
10315 -1 12895 -1 #SUP: 157
10315 -1 10339 -1 #SUP: 92
10315 -1 33449 -1 #SUP: 134
10315 -1 33449 -1 33469 -1 #SUP: 79
10315 -1 12463 -1 #SUP: 64
10315 -1 33469 -1 #SUP: 108
10315 -1 12479 -1 #SUP: 86
10315 -1 12483 -1 #SUP: 140
10315 -1 12483 -1 12487 -1 #SUP: 81
10315 -1 12487 -1 #SUP: 164
10315 -1 12487 -1 12703 -1 #SUP: 69
10315 -1 12679 -1 #SUP: 74
10315 -1 12683 -1 #SUP: 68
10315 -1 12691 -1 #SUP: 74
10315 -1 12695 -1 #SUP: 115
10315 -1 12695 -1 12703 -1 #SUP: 66
10315 -1 12703 -1 #SUP: 122
10315 -1 32205 -1 #SUP: 60
10315 -1 32213 -1 #SUP: 93
10315 -1 12759 -1 #SUP: 61
10829 -1 #SUP: 116
34893 -1 #SUP: 366
12879 -1 #SUP: 198
12367 -1 #SUP: 212
10319 -1 #SUP: 76
18511 -1 #SUP: 65
10833 -1 #SUP: 205
34897 -1 #SUP: 174
12883 -1 #SUP: 271
12371 -1 #SUP: 134
34901 -1 #SUP: 189
34901 -1 34905 -1 #SUP: 62
12887 -1 #SUP: 126
10327 -1 #SUP: 68
10841 -1 #SUP: 255
10841 -1 10877 -1 #SUP: 79
10841 -1 10881 -1 #SUP: 89
34905 -1 #SUP: 221
10331 -1 #SUP: 280
10331 -1 10335 -1 #SUP: 60
10331 -1 33449 -1 #SUP: 64
10331 -1 33469 -1 #SUP: 61
12891 -1 #SUP: 109
10845 -1 #SUP: 120
34909 -1 #SUP: 111
12895 -1 #SUP: 2036
12895 -1 33433 -1 #SUP: 64
12895 -1 33449 -1 #SUP: 205
12895 -1 33449 -1 33469 -1 #SUP: 134
12895 -1 18863 -1 #SUP: 104
12895 -1 33469 -1 #SUP: 191
18527 -1 #SUP: 80
10335 -1 #SUP: 101
10849 -1 #SUP: 212
34913 -1 #SUP: 108
12387 -1 #SUP: 150
10339 -1 #SUP: 177
12899 -1 #SUP: 68
34917 -1 #SUP: 94
12903 -1 #SUP: 141
10857 -1 #SUP: 245
10857 -1 10861 -1 #SUP: 100
10857 -1 10865 -1 #SUP: 72
34921 -1 #SUP: 153
12395 -1 #SUP: 159
12907 -1 #SUP: 251
10861 -1 #SUP: 243
10861 -1 10865 -1 #SUP: 69
34925 -1 #SUP: 124
12399 -1 #SUP: 188
12399 -1 12411 -1 #SUP: 65
10865 -1 #SUP: 166
34929 -1 #SUP: 126
12403 -1 #SUP: 281
12403 -1 12411 -1 #SUP: 65
18547 -1 #SUP: 189
10869 -1 #SUP: 86
12407 -1 #SUP: 399
12407 -1 12411 -1 #SUP: 94
12411 -1 #SUP: 509
10877 -1 #SUP: 995
10877 -1 12339 -1 #SUP: 134
10877 -1 12355 -1 #SUP: 95
10877 -1 10881 -1 #SUP: 89
10877 -1 12431 -1 #SUP: 74
10877 -1 35185 -1 #SUP: 81
12415 -1 #SUP: 96
10881 -1 #SUP: 315
12419 -1 #SUP: 203
12427 -1 #SUP: 148
12431 -1 #SUP: 681
12431 -1 12895 -1 #SUP: 100
12431 -1 12895 -1 18863 -1 #SUP: 96
12431 -1 18863 -1 #SUP: 99
12431 -1 12751 -1 #SUP: 96
12431 -1 12751 -1 12895 -1 #SUP: 93
12431 -1 12751 -1 12895 -1 18863 -1 #SUP: 93
12431 -1 12751 -1 18863 -1 #SUP: 94
33425 -1 #SUP: 147
33425 -1 33429 -1 #SUP: 62
33429 -1 #SUP: 225
33429 -1 33449 -1 #SUP: 87
12439 -1 #SUP: 250
33433 -1 #SUP: 528
33433 -1 33449 -1 #SUP: 292
33433 -1 33449 -1 33453 -1 #SUP: 87
33433 -1 33449 -1 33453 -1 33469 -1 #SUP: 80
33433 -1 33449 -1 33469 -1 #SUP: 213
33433 -1 33453 -1 #SUP: 155
33433 -1 33453 -1 33469 -1 #SUP: 122
33433 -1 33465 -1 #SUP: 79
33433 -1 33465 -1 33469 -1 #SUP: 62
33433 -1 33469 -1 #SUP: 379
18587 -1 #SUP: 96
12443 -1 #SUP: 75
33437 -1 #SUP: 148
33437 -1 33469 -1 #SUP: 71
12447 -1 #SUP: 232
33441 -1 #SUP: 116
18595 -1 #SUP: 61
12451 -1 #SUP: 224
33445 -1 #SUP: 71
18599 -1 #SUP: 93
33449 -1 #SUP: 2639
33449 -1 34885 -1 #SUP: 87
33449 -1 33453 -1 #SUP: 173
33449 -1 33453 -1 33469 -1 #SUP: 160
33449 -1 33465 -1 #SUP: 61
33449 -1 33469 -1 #SUP: 978
12459 -1 #SUP: 178
18603 -1 #SUP: 93
33453 -1 #SUP: 368
33453 -1 33469 -1 #SUP: 288
12463 -1 #SUP: 514
12463 -1 12819 -1 #SUP: 74
12463 -1 12895 -1 #SUP: 72
12463 -1 12691 -1 #SUP: 64
12463 -1 12479 -1 #SUP: 67
12463 -1 12487 -1 #SUP: 112
33457 -1 #SUP: 83
18611 -1 #SUP: 66
12467 -1 #SUP: 224
12471 -1 #SUP: 136
33465 -1 #SUP: 136
33465 -1 33469 -1 #SUP: 82
18619 -1 #SUP: 228
12475 -1 #SUP: 99
33469 -1 #SUP: 2706
12479 -1 #SUP: 427
12479 -1 12895 -1 #SUP: 87
12479 -1 12691 -1 #SUP: 64
12479 -1 12695 -1 #SUP: 68
12479 -1 12483 -1 #SUP: 141
12479 -1 12483 -1 12487 -1 #SUP: 104
12479 -1 12487 -1 #SUP: 157
12483 -1 #SUP: 949
12483 -1 12571 -1 #SUP: 75
12483 -1 12575 -1 #SUP: 63
12483 -1 12875 -1 #SUP: 127
12483 -1 34893 -1 #SUP: 83
12483 -1 12895 -1 #SUP: 68
12483 -1 12695 -1 #SUP: 77
12483 -1 12703 -1 #SUP: 139
12483 -1 12703 -1 32213 -1 #SUP: 63
12483 -1 12487 -1 #SUP: 426
12483 -1 12487 -1 12875 -1 #SUP: 103
12483 -1 12487 -1 34893 -1 #SUP: 65
12483 -1 12487 -1 12703 -1 #SUP: 105
12483 -1 12487 -1 32213 -1 #SUP: 82
12483 -1 32213 -1 #SUP: 111
12487 -1 #SUP: 1081
12487 -1 12571 -1 #SUP: 111
12487 -1 12571 -1 12703 -1 #SUP: 68
12487 -1 12827 -1 #SUP: 74
12487 -1 12575 -1 #SUP: 73
12487 -1 12831 -1 #SUP: 63
12487 -1 12875 -1 #SUP: 191
12487 -1 12875 -1 32213 -1 #SUP: 61
12487 -1 34893 -1 #SUP: 121
12487 -1 12895 -1 #SUP: 113
12487 -1 12679 -1 #SUP: 63
12487 -1 12683 -1 #SUP: 60
12487 -1 12691 -1 #SUP: 62
12487 -1 12695 -1 #SUP: 119
12487 -1 12695 -1 12703 -1 #SUP: 85
12487 -1 12703 -1 #SUP: 246
12487 -1 12703 -1 12875 -1 #SUP: 90
12487 -1 12703 -1 34893 -1 #SUP: 71
12487 -1 12703 -1 32213 -1 #SUP: 115
12487 -1 33449 -1 #SUP: 78
12487 -1 33469 -1 #SUP: 72
12487 -1 32205 -1 #SUP: 67
12487 -1 12495 -1 #SUP: 72
12487 -1 32213 -1 #SUP: 182
12487 -1 32213 -1 34893 -1 #SUP: 73
46281 -1 #SUP: 105
12491 -1 #SUP: 220
18635 -1 #SUP: 93
46285 -1 #SUP: 75
12495 -1 #SUP: 294
12495 -1 12895 -1 #SUP: 60
46289 -1 #SUP: 106
46293 -1 #SUP: 70
12507 -1 #SUP: 67
12515 -1 #SUP: 300
12515 -1 12519 -1 #SUP: 65
12519 -1 #SUP: 94
12523 -1 #SUP: 218
12523 -1 12527 -1 #SUP: 73
12523 -1 12531 -1 #SUP: 80
12527 -1 #SUP: 232
12527 -1 12695 -1 #SUP: 61
12527 -1 12531 -1 #SUP: 71
12531 -1 #SUP: 215
18675 -1 #SUP: 104
18683 -1 #SUP: 74
18691 -1 #SUP: 251
12547 -1 #SUP: 251
12547 -1 12551 -1 #SUP: 63
12547 -1 12555 -1 #SUP: 66
12551 -1 #SUP: 262
18695 -1 #SUP: 84
12555 -1 #SUP: 283
12559 -1 #SUP: 562
12559 -1 12567 -1 #SUP: 61
18703 -1 #SUP: 64
18707 -1 #SUP: 231
12563 -1 #SUP: 157
12567 -1 #SUP: 641
12571 -1 #SUP: 302
12571 -1 12575 -1 #SUP: 132
12571 -1 12875 -1 #SUP: 68
12571 -1 12703 -1 #SUP: 101
12571 -1 32213 -1 #SUP: 78
12575 -1 #SUP: 270
12575 -1 12703 -1 #SUP: 65
18723 -1 #SUP: 144
12579 -1 #SUP: 149
18727 -1 #SUP: 161
12583 -1 #SUP: 127
12587 -1 #SUP: 196
12591 -1 #SUP: 183
12595 -1 #SUP: 151
12603 -1 #SUP: 188
12603 -1 12621 -1 #SUP: 82
12607 -1 #SUP: 167
12611 -1 #SUP: 302
12611 -1 12621 -1 #SUP: 124
12611 -1 12755 -1 #SUP: 67
20807 -1 #SUP: 189
12615 -1 #SUP: 121
12621 -1 #SUP: 765
12621 -1 12895 -1 #SUP: 70
12621 -1 12783 -1 #SUP: 64
35149 -1 #SUP: 156
35153 -1 #SUP: 125
35153 -1 35169 -1 #SUP: 60
12627 -1 #SUP: 449
12627 -1 12631 -1 #SUP: 67
12627 -1 12895 -1 #SUP: 61
12627 -1 12691 -1 #SUP: 77
12627 -1 12695 -1 #SUP: 63
35157 -1 #SUP: 116
35157 -1 35169 -1 #SUP: 62
12631 -1 #SUP: 164
35161 -1 #SUP: 73
35165 -1 #SUP: 135
35169 -1 #SUP: 155
18787 -1 #SUP: 406
12643 -1 #SUP: 125
12647 -1 #SUP: 200
12647 -1 12651 -1 #SUP: 63
12647 -1 12655 -1 #SUP: 69
35177 -1 #SUP: 167
12651 -1 #SUP: 100
35181 -1 #SUP: 185
12655 -1 #SUP: 316
35185 -1 #SUP: 436
12659 -1 #SUP: 407
12663 -1 #SUP: 1057
12663 -1 12835 -1 #SUP: 64
12663 -1 12895 -1 #SUP: 128
12663 -1 12667 -1 #SUP: 140
12663 -1 12671 -1 #SUP: 63
12663 -1 12679 -1 #SUP: 124
12663 -1 12679 -1 12895 -1 #SUP: 66
12663 -1 18863 -1 #SUP: 82
12663 -1 12751 -1 #SUP: 82
12663 -1 12751 -1 18863 -1 #SUP: 64
12667 -1 #SUP: 279
12667 -1 12671 -1 #SUP: 75
12671 -1 #SUP: 157
12675 -1 #SUP: 320
12679 -1 #SUP: 840
12679 -1 12827 -1 #SUP: 63
12679 -1 12831 -1 #SUP: 62
12679 -1 12895 -1 #SUP: 192
12679 -1 12683 -1 #SUP: 149
12679 -1 12683 -1 12895 -1 #SUP: 61
12679 -1 12683 -1 12703 -1 #SUP: 60
12679 -1 12695 -1 #SUP: 111
12679 -1 12695 -1 12703 -1 #SUP: 86
12679 -1 12703 -1 #SUP: 176
12679 -1 12703 -1 12895 -1 #SUP: 64
12679 -1 33449 -1 #SUP: 71
12679 -1 33469 -1 #SUP: 67
12683 -1 #SUP: 413
12683 -1 12831 -1 #SUP: 65
12683 -1 12895 -1 #SUP: 102
12683 -1 12687 -1 #SUP: 79
12683 -1 12691 -1 #SUP: 105
12683 -1 12691 -1 12695 -1 #SUP: 70
12683 -1 12695 -1 #SUP: 143
12683 -1 12695 -1 12703 -1 #SUP: 75
12683 -1 12703 -1 #SUP: 120
12683 -1 33449 -1 #SUP: 79
12683 -1 33469 -1 #SUP: 78
35213 -1 #SUP: 149
18831 -1 #SUP: 298
12687 -1 #SUP: 388
12687 -1 12691 -1 #SUP: 101
12687 -1 12695 -1 #SUP: 87
12687 -1 12703 -1 #SUP: 82
12691 -1 #SUP: 504
12691 -1 12819 -1 #SUP: 85
12691 -1 12831 -1 #SUP: 73
12691 -1 12895 -1 #SUP: 95
12691 -1 12695 -1 #SUP: 157
12691 -1 12695 -1 12703 -1 #SUP: 76
12691 -1 12703 -1 #SUP: 109
12691 -1 33449 -1 #SUP: 82
12691 -1 33469 -1 #SUP: 80
12695 -1 #SUP: 709
12695 -1 12815 -1 #SUP: 60
12695 -1 12819 -1 #SUP: 85
12695 -1 12827 -1 #SUP: 60
12695 -1 12831 -1 #SUP: 86
12695 -1 12895 -1 #SUP: 140
12695 -1 12703 -1 #SUP: 295
12695 -1 12703 -1 12895 -1 #SUP: 81
12695 -1 33449 -1 #SUP: 128
12695 -1 33449 -1 33469 -1 #SUP: 83
12695 -1 33469 -1 #SUP: 121
12695 -1 32205 -1 #SUP: 61
12695 -1 32213 -1 #SUP: 64
12695 -1 12795 -1 #SUP: 68
12699 -1 #SUP: 82
12703 -1 #SUP: 794
12703 -1 12819 -1 #SUP: 62
12703 -1 12827 -1 #SUP: 69
12703 -1 12831 -1 #SUP: 65
12703 -1 12875 -1 #SUP: 130
12703 -1 12875 -1 32213 -1 #SUP: 60
12703 -1 34893 -1 #SUP: 106
12703 -1 12895 -1 #SUP: 121
12703 -1 33449 -1 #SUP: 87
12703 -1 33469 -1 #SUP: 86
12703 -1 32213 -1 #SUP: 198
12703 -1 32213 -1 34893 -1 #SUP: 78
18847 -1 #SUP: 78
18855 -1 #SUP: 132
12711 -1 #SUP: 318
12711 -1 12715 -1 #SUP: 72
12711 -1 12723 -1 #SUP: 63
12715 -1 #SUP: 654
12715 -1 12719 -1 #SUP: 74
12715 -1 12723 -1 #SUP: 119
12715 -1 12727 -1 #SUP: 69
12719 -1 #SUP: 222
18863 -1 #SUP: 342
12723 -1 #SUP: 621
12723 -1 12727 -1 #SUP: 121
12723 -1 12731 -1 #SUP: 69
12727 -1 #SUP: 333
12727 -1 12731 -1 #SUP: 65
18871 -1 #SUP: 216
12731 -1 #SUP: 239
18879 -1 #SUP: 82
12735 -1 #SUP: 224
12735 -1 12743 -1 #SUP: 61
12735 -1 12759 -1 #SUP: 83
12735 -1 12763 -1 #SUP: 81
12735 -1 12779 -1 #SUP: 62
12739 -1 #SUP: 203
12739 -1 12759 -1 #SUP: 64
12739 -1 12763 -1 #SUP: 60
12739 -1 12779 -1 #SUP: 65
32197 -1 #SUP: 128
32197 -1 32205 -1 #SUP: 66
12743 -1 #SUP: 219
12743 -1 12759 -1 #SUP: 63
12743 -1 12763 -1 #SUP: 85
12743 -1 12779 -1 #SUP: 83
32201 -1 #SUP: 268
32201 -1 32205 -1 #SUP: 108
32201 -1 32205 -1 32213 -1 #SUP: 61
32201 -1 32209 -1 #SUP: 77
32201 -1 32213 -1 #SUP: 88
12747 -1 #SUP: 263
12747 -1 12751 -1 #SUP: 83
12747 -1 12755 -1 #SUP: 60
32205 -1 #SUP: 355
32205 -1 32209 -1 #SUP: 75
32205 -1 32213 -1 #SUP: 141
32205 -1 33449 -1 #SUP: 87
32205 -1 33469 -1 #SUP: 79
12751 -1 #SUP: 518
12751 -1 12895 -1 #SUP: 119
12751 -1 12895 -1 18863 -1 #SUP: 94
12751 -1 18863 -1 #SUP: 157
12751 -1 12755 -1 #SUP: 61
32209 -1 #SUP: 222
12755 -1 #SUP: 327
12755 -1 12771 -1 #SUP: 95
32213 -1 #SUP: 523
32213 -1 34893 -1 #SUP: 109
32213 -1 33449 -1 #SUP: 70
32213 -1 33469 -1 #SUP: 67
12759 -1 #SUP: 385
12759 -1 12763 -1 #SUP: 77
12759 -1 12771 -1 #SUP: 70
12759 -1 12779 -1 #SUP: 78
32217 -1 #SUP: 69
12763 -1 #SUP: 322
12763 -1 12779 -1 #SUP: 94
32221 -1 #SUP: 99
12767 -1 #SUP: 186
12771 -1 #SUP: 348
12775 -1 #SUP: 270
12779 -1 #SUP: 407
12779 -1 12783 -1 #SUP: 65
12779 -1 12787 -1 #SUP: 67
12783 -1 #SUP: 462
12783 -1 12787 -1 #SUP: 85
12787 -1 #SUP: 271
18423 -1 #SUP: 137
12795 -1 #SUP: 445
12795 -1 12815 -1 #SUP: 81
12795 -1 12815 -1 12895 -1 #SUP: 60
12795 -1 12819 -1 #SUP: 170
12795 -1 12819 -1 12831 -1 #SUP: 84
12795 -1 12831 -1 #SUP: 170
12795 -1 12831 -1 12895 -1 #SUP: 61
12795 -1 12895 -1 #SUP: 109
12795 -1 33469 -1 #SUP: 60
18427 -1 #SUP: 120
12799 -1 #SUP: 72
