10291 -1 #SUP: 472
10295 -1 #SUP: 2009
10299 -1 #SUP: 721
10303 -1 #SUP: 461
10307 -1 #SUP: 2797
10311 -1 #SUP: 2371
10315 -1 #SUP: 3449
10319 -1 #SUP: 149
10327 -1 #SUP: 232
10331 -1 #SUP: 690
10335 -1 #SUP: 1167
10339 -1 #SUP: 455
10829 -1 #SUP: 207
10833 -1 #SUP: 310
10841 -1 #SUP: 328
10845 -1 #SUP: 148
10849 -1 #SUP: 318
10857 -1 #SUP: 448
10861 -1 #SUP: 469
10865 -1 #SUP: 295
10877 -1 #SUP: 1389
10881 -1 #SUP: 389
12299 -1 #SUP: 562
12323 -1 #SUP: 167
12327 -1 #SUP: 294
12331 -1 #SUP: 208
12335 -1 #SUP: 204
12339 -1 #SUP: 910
12343 -1 #SUP: 267
12347 -1 #SUP: 275
12351 -1 #SUP: 192
12355 -1 #SUP: 1089
12367 -1 #SUP: 383
12371 -1 #SUP: 240
12387 -1 #SUP: 151
12395 -1 #SUP: 294
12399 -1 #SUP: 320
12403 -1 #SUP: 411
12407 -1 #SUP: 756
12411 -1 #SUP: 797
12419 -1 #SUP: 331
12427 -1 #SUP: 211
12431 -1 #SUP: 1198
12439 -1 #SUP: 296
12443 -1 #SUP: 137
12447 -1 #SUP: 388
12451 -1 #SUP: 314
12459 -1 #SUP: 345
12463 -1 #SUP: 797
12467 -1 #SUP: 474
12471 -1 #SUP: 230
12475 -1 #SUP: 207
12479 -1 #SUP: 731
12483 -1 #SUP: 2049
12487 -1 #SUP: 2268
12491 -1 #SUP: 440
12495 -1 #SUP: 543
12515 -1 #SUP: 410
12519 -1 #SUP: 159
12523 -1 #SUP: 449
12527 -1 #SUP: 463
12531 -1 #SUP: 410
12535 -1 #SUP: 185
12547 -1 #SUP: 471
12551 -1 #SUP: 527
12555 -1 #SUP: 477
12559 -1 #SUP: 1099
12563 -1 #SUP: 242
12567 -1 #SUP: 890
12571 -1 #SUP: 676
12575 -1 #SUP: 485
12579 -1 #SUP: 244
12583 -1 #SUP: 229
12587 -1 #SUP: 223
12591 -1 #SUP: 264
12595 -1 #SUP: 219
12603 -1 #SUP: 648
12607 -1 #SUP: 365
12611 -1 #SUP: 587
12615 -1 #SUP: 237
12621 -1 #SUP: 1488
12627 -1 #SUP: 781
12631 -1 #SUP: 293
12635 -1 #SUP: 169
12643 -1 #SUP: 251
12647 -1 #SUP: 411
12651 -1 #SUP: 196
12655 -1 #SUP: 758
12659 -1 #SUP: 1006
12663 -1 #SUP: 1793
12667 -1 #SUP: 570
12671 -1 #SUP: 297
12675 -1 #SUP: 553
12679 -1 #SUP: 1788
12683 -1 #SUP: 779
12687 -1 #SUP: 724
12691 -1 #SUP: 1002
12695 -1 #SUP: 1422
12703 -1 #SUP: 1948
12711 -1 #SUP: 521
12715 -1 #SUP: 1214
12719 -1 #SUP: 377
12723 -1 #SUP: 1267
12727 -1 #SUP: 486
12731 -1 #SUP: 345
12735 -1 #SUP: 439
12739 -1 #SUP: 407
12743 -1 #SUP: 462
12747 -1 #SUP: 511
12751 -1 #SUP: 1039
12755 -1 #SUP: 652
12759 -1 #SUP: 845
12763 -1 #SUP: 696
12767 -1 #SUP: 409
12771 -1 #SUP: 671
12775 -1 #SUP: 438
12779 -1 #SUP: 794
12783 -1 #SUP: 945
12787 -1 #SUP: 440
12795 -1 #SUP: 908
12799 -1 #SUP: 181
12803 -1 #SUP: 273
12807 -1 #SUP: 583
12811 -1 #SUP: 129
12815 -1 #SUP: 704
12819 -1 #SUP: 1113
12823 -1 #SUP: 605
12827 -1 #SUP: 1017
12831 -1 #SUP: 1180
12835 -1 #SUP: 533
12839 -1 #SUP: 256
12843 -1 #SUP: 396
12847 -1 #SUP: 473
12851 -1 #SUP: 209
12855 -1 #SUP: 436
12859 -1 #SUP: 152
12863 -1 #SUP: 158
12867 -1 #SUP: 483
12871 -1 #SUP: 379
12875 -1 #SUP: 1355
12879 -1 #SUP: 410
12883 -1 #SUP: 498
12887 -1 #SUP: 308
12891 -1 #SUP: 209
12895 -1 #SUP: 3623
12899 -1 #SUP: 157
12903 -1 #SUP: 351
12907 -1 #SUP: 448
18423 -1 #SUP: 347
18427 -1 #SUP: 439
18443 -1 #SUP: 126
18447 -1 #SUP: 235
18459 -1 #SUP: 180
18487 -1 #SUP: 218
18499 -1 #SUP: 260
18507 -1 #SUP: 202
18511 -1 #SUP: 145
18523 -1 #SUP: 182
18527 -1 #SUP: 300
18547 -1 #SUP: 407
18551 -1 #SUP: 130
18563 -1 #SUP: 198
18583 -1 #SUP: 122
18587 -1 #SUP: 221
18595 -1 #SUP: 128
18599 -1 #SUP: 165
18603 -1 #SUP: 230
18611 -1 #SUP: 129
18619 -1 #SUP: 457
18635 -1 #SUP: 167
18643 -1 #SUP: 204
18671 -1 #SUP: 128
18675 -1 #SUP: 234
18683 -1 #SUP: 211
18691 -1 #SUP: 467
18695 -1 #SUP: 177
18703 -1 #SUP: 145
18707 -1 #SUP: 412
18723 -1 #SUP: 319
18727 -1 #SUP: 222
18779 -1 #SUP: 141
18787 -1 #SUP: 736
18795 -1 #SUP: 178
18799 -1 #SUP: 140
18815 -1 #SUP: 171
18831 -1 #SUP: 410
18847 -1 #SUP: 166
18855 -1 #SUP: 334
18863 -1 #SUP: 863
18871 -1 #SUP: 394
18879 -1 #SUP: 355
18883 -1 #SUP: 175
20807 -1 #SUP: 475
32197 -1 #SUP: 280
32201 -1 #SUP: 596
32205 -1 #SUP: 871
32209 -1 #SUP: 516
32213 -1 #SUP: 1616
32217 -1 #SUP: 152
32221 -1 #SUP: 233
33425 -1 #SUP: 405
33429 -1 #SUP: 600
33433 -1 #SUP: 891
33437 -1 #SUP: 386
33441 -1 #SUP: 260
33445 -1 #SUP: 186
33449 -1 #SUP: 3658
33453 -1 #SUP: 651
33457 -1 #SUP: 206
33461 -1 #SUP: 173
33465 -1 #SUP: 297
33469 -1 #SUP: 3612
34885 -1 #SUP: 937
34889 -1 #SUP: 755
34893 -1 #SUP: 1201
34897 -1 #SUP: 682
34901 -1 #SUP: 617
34905 -1 #SUP: 723
34909 -1 #SUP: 257
34913 -1 #SUP: 291
34917 -1 #SUP: 247
34921 -1 #SUP: 336
34925 -1 #SUP: 278
34929 -1 #SUP: 319
35149 -1 #SUP: 272
35153 -1 #SUP: 240
35157 -1 #SUP: 212
35161 -1 #SUP: 148
35165 -1 #SUP: 232
35169 -1 #SUP: 272
35177 -1 #SUP: 255
35181 -1 #SUP: 290
35185 -1 #SUP: 639
35205 -1 #SUP: 164
35213 -1 #SUP: 358
46281 -1 #SUP: 201
46285 -1 #SUP: 150
46289 -1 #SUP: 193
46293 -1 #SUP: 138
47277 -1 #SUP: 164
47687 -1 #SUP: 195
47945 -1 #SUP: 620
47949 -1 #SUP: 512
47953 -1 #SUP: 561
47957 -1 #SUP: 627
47961 -1 #SUP: 191
47965 -1 #SUP: 329
47973 -1 #SUP: 337
48575 -1 #SUP: 241
48639 -1 #SUP: 121
48655 -1 #SUP: 189
48659 -1 #SUP: 139
48663 -1 #SUP: 284
48667 -1 #SUP: 491
48671 -1 #SUP: 197
48675 -1 #SUP: 587
48679 -1 #SUP: 153
48683 -1 #SUP: 186
48687 -1 #SUP: 163
48707 -1 #SUP: 335
48711 -1 #SUP: 187
52973 -1 #SUP: 184
54653 -1 #SUP: 173
54657 -1 #SUP: 133
54661 -1 #SUP: 251
54665 -1 #SUP: 143
54669 -1 #SUP: 152
54673 -1 #SUP: 233
48667 -1 48675 -1 #SUP: 212
48667 -1 48671 -1 #SUP: 125
48663 -1 48667 -1 #SUP: 217
47945 -1 47973 -1 #SUP: 210
47953 -1 47965 -1 #SUP: 153
47953 -1 47957 -1 #SUP: 251
47949 -1 47953 -1 #SUP: 182
47945 -1 47949 -1 #SUP: 148
12339 -1 35185 -1 #SUP: 251
35157 -1 35169 -1 #SUP: 121
35153 -1 35169 -1 #SUP: 129
34921 -1 34925 -1 #SUP: 139
34901 -1 34905 -1 #SUP: 210
34897 -1 34905 -1 #SUP: 138
34889 -1 34905 -1 #SUP: 230
34885 -1 34905 -1 #SUP: 149
33449 -1 34905 -1 #SUP: 128
34897 -1 34901 -1 #SUP: 120
34889 -1 34901 -1 #SUP: 248
34893 -1 34897 -1 #SUP: 212
34889 -1 34897 -1 #SUP: 129
34885 -1 34897 -1 #SUP: 289
33449 -1 34897 -1 #SUP: 145
34889 -1 34893 -1 #SUP: 132
34885 -1 34893 -1 #SUP: 230
32213 -1 34893 -1 #SUP: 275
12875 -1 34893 -1 #SUP: 259
12703 -1 34893 -1 #SUP: 320
12571 -1 34893 -1 #SUP: 143
12487 -1 34893 -1 #SUP: 351
12483 -1 34893 -1 #SUP: 215
10311 -1 34893 -1 #SUP: 246
34885 -1 34889 -1 #SUP: 185
33449 -1 34889 -1 #SUP: 135
34889 -1 34901 -1 34905 -1 #SUP: 144
33449 -1 34885 -1 #SUP: 238
33429 -1 34885 -1 #SUP: 192
33425 -1 34885 -1 #SUP: 144
12895 -1 34885 -1 #SUP: 163
12691 -1 34885 -1 #SUP: 140
34885 -1 34893 -1 34897 -1 #SUP: 122
33465 -1 33469 -1 #SUP: 139
33453 -1 33469 -1 #SUP: 403
33449 -1 33469 -1 #SUP: 1204
33437 -1 33469 -1 #SUP: 122
33433 -1 33469 -1 #SUP: 509
12895 -1 33469 -1 #SUP: 268
12831 -1 33469 -1 #SUP: 140
12827 -1 33469 -1 #SUP: 133
12703 -1 33469 -1 #SUP: 145
12695 -1 33469 -1 #SUP: 193
12691 -1 33469 -1 #SUP: 130
12683 -1 33469 -1 #SUP: 128
12487 -1 33469 -1 #SUP: 134
10315 -1 33469 -1 #SUP: 187
10311 -1 33469 -1 #SUP: 151
10307 -1 33469 -1 #SUP: 242
10295 -1 33469 -1 #SUP: 228
33453 -1 33465 -1 #SUP: 136
33449 -1 33465 -1 #SUP: 141
33433 -1 33465 -1 #SUP: 176
33449 -1 33453 -1 #SUP: 281
33433 -1 33453 -1 #SUP: 305
33437 -1 33449 -1 #SUP: 140
33433 -1 33449 -1 #SUP: 424
33429 -1 33449 -1 #SUP: 262
33425 -1 33449 -1 #SUP: 168
32213 -1 33449 -1 #SUP: 145
32205 -1 33449 -1 #SUP: 150
12895 -1 33449 -1 #SUP: 345
12831 -1 33449 -1 #SUP: 167
12827 -1 33449 -1 #SUP: 178
12795 -1 33449 -1 #SUP: 123
12703 -1 33449 -1 #SUP: 193
12695 -1 33449 -1 #SUP: 267
12691 -1 33449 -1 #SUP: 201
12683 -1 33449 -1 #SUP: 172
12679 -1 33449 -1 #SUP: 183
12487 -1 33449 -1 #SUP: 170
12483 -1 33449 -1 #SUP: 150
10315 -1 33449 -1 #SUP: 228
10311 -1 33449 -1 #SUP: 170
10307 -1 33449 -1 #SUP: 228
10295 -1 33449 -1 #SUP: 280
33449 -1 33453 -1 33469 -1 #SUP: 219
12895 -1 33433 -1 #SUP: 131
10307 -1 33433 -1 #SUP: 136
10295 -1 33433 -1 #SUP: 140
33433 -1 33449 -1 33453 -1 #SUP: 165
33433 -1 33449 -1 33469 -1 #SUP: 284
33433 -1 33449 -1 33453 -1 33469 -1 #SUP: 127
33433 -1 33453 -1 33465 -1 #SUP: 123
33433 -1 33453 -1 33469 -1 #SUP: 189
33425 -1 33429 -1 #SUP: 183
12691 -1 33429 -1 #SUP: 138
33429 -1 33449 -1 34885 -1 #SUP: 121
12691 -1 33425 -1 #SUP: 133
32205 -1 32213 -1 #SUP: 381
32201 -1 32213 -1 #SUP: 200
12895 -1 32213 -1 #SUP: 130
12875 -1 32213 -1 #SUP: 216
12703 -1 32213 -1 #SUP: 571
12695 -1 32213 -1 #SUP: 167
12575 -1 32213 -1 #SUP: 125
12571 -1 32213 -1 #SUP: 212
12487 -1 32213 -1 #SUP: 506
12483 -1 32213 -1 #SUP: 273
10315 -1 32213 -1 #SUP: 274
10311 -1 32213 -1 #SUP: 463
10307 -1 32213 -1 #SUP: 179
10295 -1 32213 -1 #SUP: 169
32205 -1 32209 -1 #SUP: 180
32201 -1 32209 -1 #SUP: 190
32201 -1 32205 -1 #SUP: 261
32197 -1 32205 -1 #SUP: 134
12895 -1 32205 -1 #SUP: 120
12703 -1 32205 -1 #SUP: 149
12695 -1 32205 -1 #SUP: 139
12487 -1 32205 -1 #SUP: 150
12483 -1 32205 -1 #SUP: 143
10315 -1 32205 -1 #SUP: 156
10311 -1 32205 -1 #SUP: 151
10307 -1 32205 -1 #SUP: 157
10295 -1 32205 -1 #SUP: 167
10315 -1 32201 -1 #SUP: 129
10307 -1 32201 -1 #SUP: 153
10295 -1 32201 -1 #SUP: 122
32201 -1 32205 -1 32209 -1 #SUP: 120
32201 -1 32205 -1 32213 -1 #SUP: 141
12895 -1 18863 -1 #SUP: 246
12783 -1 18863 -1 #SUP: 133
12751 -1 18863 -1 #SUP: 259
12621 -1 18863 -1 #SUP: 171
12431 -1 18863 -1 #SUP: 245
12355 -1 18863 -1 #SUP: 207
12875 -1 12895 -1 #SUP: 257
12871 -1 12895 -1 #SUP: 131
12831 -1 12895 -1 #SUP: 250
12827 -1 12895 -1 #SUP: 590
12819 -1 12895 -1 #SUP: 214
12815 -1 12895 -1 #SUP: 552
12795 -1 12895 -1 #SUP: 228
12783 -1 12895 -1 #SUP: 149
12751 -1 12895 -1 #SUP: 142
12703 -1 12895 -1 #SUP: 252
12695 -1 12895 -1 #SUP: 266
12691 -1 12895 -1 #SUP: 174
12683 -1 12895 -1 #SUP: 203
12679 -1 12895 -1 #SUP: 411
12663 -1 12895 -1 #SUP: 258
12621 -1 12895 -1 #SUP: 137
12487 -1 12895 -1 #SUP: 226
12483 -1 12895 -1 #SUP: 188
12479 -1 12895 -1 #SUP: 127
12463 -1 12895 -1 #SUP: 121
12431 -1 12895 -1 #SUP: 129
12355 -1 12895 -1 #SUP: 176
10315 -1 12895 -1 #SUP: 356
10311 -1 12895 -1 #SUP: 281
10307 -1 12895 -1 #SUP: 439
10299 -1 12895 -1 #SUP: 124
10295 -1 12895 -1 #SUP: 398
12895 -1 33449 -1 33469 -1 #SUP: 183
12831 -1 12875 -1 #SUP: 122
12827 -1 12875 -1 #SUP: 183
12703 -1 12875 -1 #SUP: 303
12695 -1 12875 -1 #SUP: 122
12571 -1 12875 -1 #SUP: 138
12487 -1 12875 -1 #SUP: 432
12483 -1 12875 -1 #SUP: 290
10315 -1 12875 -1 #SUP: 208
10311 -1 12875 -1 #SUP: 337
10307 -1 12875 -1 #SUP: 126
10295 -1 12875 -1 #SUP: 130
12875 -1 32213 -1 34893 -1 #SUP: 130
12827 -1 12831 -1 #SUP: 202
12823 -1 12831 -1 #SUP: 133
12819 -1 12831 -1 #SUP: 213
12795 -1 12831 -1 #SUP: 359
12703 -1 12831 -1 #SUP: 154
12695 -1 12831 -1 #SUP: 186
12691 -1 12831 -1 #SUP: 151
12687 -1 12831 -1 #SUP: 124
12683 -1 12831 -1 #SUP: 148
12679 -1 12831 -1 #SUP: 160
12487 -1 12831 -1 #SUP: 163
12483 -1 12831 -1 #SUP: 160
10315 -1 12831 -1 #SUP: 225
10311 -1 12831 -1 #SUP: 171
10307 -1 12831 -1 #SUP: 233
10295 -1 12831 -1 #SUP: 217
12815 -1 12827 -1 #SUP: 202
12795 -1 12827 -1 #SUP: 121
12703 -1 12827 -1 #SUP: 164
12695 -1 12827 -1 #SUP: 140
12683 -1 12827 -1 #SUP: 132
12679 -1 12827 -1 #SUP: 168
12487 -1 12827 -1 #SUP: 157
12483 -1 12827 -1 #SUP: 154
10315 -1 12827 -1 #SUP: 176
10311 -1 12827 -1 #SUP: 171
10307 -1 12827 -1 #SUP: 212
10295 -1 12827 -1 #SUP: 201
12827 -1 12831 -1 12895 -1 #SUP: 120
12827 -1 12875 -1 12895 -1 #SUP: 120
12827 -1 12895 -1 33449 -1 #SUP: 138
12819 -1 12823 -1 #SUP: 131
12795 -1 12819 -1 #SUP: 307
12695 -1 12819 -1 #SUP: 129
12691 -1 12819 -1 #SUP: 130
10315 -1 12819 -1 #SUP: 153
10311 -1 12819 -1 #SUP: 128
10307 -1 12819 -1 #SUP: 181
10295 -1 12819 -1 #SUP: 202
12795 -1 12815 -1 #SUP: 139
10307 -1 12815 -1 #SUP: 165
10295 -1 12815 -1 #SUP: 156
12815 -1 12827 -1 12895 -1 #SUP: 197
12695 -1 12795 -1 #SUP: 154
12691 -1 12795 -1 #SUP: 126
12463 -1 12795 -1 #SUP: 120
10315 -1 12795 -1 #SUP: 135
10311 -1 12795 -1 #SUP: 122
10307 -1 12795 -1 #SUP: 180
10295 -1 12795 -1 #SUP: 199
12795 -1 12819 -1 12831 -1 #SUP: 151
12795 -1 12831 -1 12895 -1 #SUP: 128
12783 -1 12787 -1 #SUP: 142
12355 -1 12783 -1 #SUP: 151
12763 -1 12779 -1 #SUP: 196
12759 -1 12779 -1 #SUP: 147
12743 -1 12779 -1 #SUP: 161
12739 -1 12779 -1 #SUP: 121
12759 -1 12771 -1 #SUP: 126
12755 -1 12771 -1 #SUP: 196
12759 -1 12763 -1 #SUP: 176
12743 -1 12763 -1 #SUP: 184
12739 -1 12763 -1 #SUP: 125
12735 -1 12763 -1 #SUP: 179
12743 -1 12759 -1 #SUP: 139
12739 -1 12759 -1 #SUP: 150
12735 -1 12759 -1 #SUP: 189
10315 -1 12759 -1 #SUP: 146
10311 -1 12759 -1 #SUP: 120
10307 -1 12759 -1 #SUP: 141
12611 -1 12755 -1 #SUP: 139
12747 -1 12751 -1 #SUP: 157
12431 -1 12751 -1 #SUP: 177
12735 -1 12743 -1 #SUP: 124
12723 -1 12727 -1 #SUP: 215
12715 -1 12723 -1 #SUP: 237
12711 -1 12715 -1 #SUP: 122
12695 -1 12703 -1 #SUP: 615
12691 -1 12703 -1 #SUP: 237
12687 -1 12703 -1 #SUP: 172
12683 -1 12703 -1 #SUP: 248
12679 -1 12703 -1 #SUP: 385
12575 -1 12703 -1 #SUP: 127
12571 -1 12703 -1 #SUP: 222
12487 -1 12703 -1 #SUP: 631
12483 -1 12703 -1 #SUP: 337
10315 -1 12703 -1 #SUP: 330
10311 -1 12703 -1 #SUP: 576
10307 -1 12703 -1 #SUP: 254
10295 -1 12703 -1 #SUP: 259
12703 -1 12827 -1 12895 -1 #SUP: 126
12703 -1 12875 -1 32213 -1 #SUP: 149
12703 -1 12875 -1 34893 -1 #SUP: 153
12703 -1 32205 -1 32213 -1 #SUP: 122
12703 -1 32213 -1 34893 -1 #SUP: 196
12691 -1 12695 -1 #SUP: 297
12687 -1 12695 -1 #SUP: 170
12683 -1 12695 -1 #SUP: 285
12679 -1 12695 -1 #SUP: 256
12487 -1 12695 -1 #SUP: 256
12483 -1 12695 -1 #SUP: 189
12479 -1 12695 -1 #SUP: 122
10315 -1 12695 -1 #SUP: 233
10311 -1 12695 -1 #SUP: 256
10307 -1 12695 -1 #SUP: 281
10295 -1 12695 -1 #SUP: 336
12695 -1 12703 -1 12895 -1 #SUP: 169
12695 -1 12703 -1 32213 -1 #SUP: 131
12695 -1 12703 -1 33449 -1 #SUP: 121
12695 -1 33449 -1 33469 -1 #SUP: 134
12687 -1 12691 -1 #SUP: 207
12683 -1 12691 -1 #SUP: 214
12679 -1 12691 -1 #SUP: 147
12627 -1 12691 -1 #SUP: 143
12527 -1 12691 -1 #SUP: 121
12487 -1 12691 -1 #SUP: 129
12463 -1 12691 -1 #SUP: 123
10315 -1 12691 -1 #SUP: 139
10307 -1 12691 -1 #SUP: 159
10295 -1 12691 -1 #SUP: 172
12691 -1 12695 -1 12703 -1 #SUP: 156
12683 -1 12687 -1 #SUP: 169
12483 -1 12687 -1 #SUP: 125
12687 -1 12691 -1 12695 -1 #SUP: 120
12679 -1 12683 -1 #SUP: 326
12487 -1 12683 -1 #SUP: 124
10315 -1 12683 -1 #SUP: 128
10311 -1 12683 -1 #SUP: 126
10307 -1 12683 -1 #SUP: 178
10295 -1 12683 -1 #SUP: 175
12683 -1 12687 -1 12691 -1 #SUP: 125
12683 -1 12691 -1 12695 -1 #SUP: 142
12683 -1 12695 -1 12703 -1 #SUP: 159
12663 -1 12679 -1 #SUP: 239
12487 -1 12679 -1 #SUP: 160
12483 -1 12679 -1 #SUP: 142
10315 -1 12679 -1 #SUP: 225
10311 -1 12679 -1 #SUP: 190
10307 -1 12679 -1 #SUP: 286
10295 -1 12679 -1 #SUP: 211
12679 -1 12683 -1 12695 -1 #SUP: 129
12679 -1 12683 -1 12703 -1 #SUP: 144
12679 -1 12683 -1 12895 -1 #SUP: 136
12679 -1 12695 -1 12703 -1 #SUP: 189
12679 -1 12695 -1 12895 -1 #SUP: 121
12679 -1 12703 -1 12895 -1 #SUP: 142
12679 -1 12827 -1 12895 -1 #SUP: 144
12667 -1 12671 -1 #SUP: 159
12663 -1 12671 -1 #SUP: 130
12663 -1 12667 -1 #SUP: 269
12647 -1 12667 -1 #SUP: 122
12355 -1 12663 -1 #SUP: 120
10315 -1 12663 -1 #SUP: 120
10311 -1 12663 -1 #SUP: 122
10307 -1 12663 -1 #SUP: 193
10295 -1 12663 -1 #SUP: 126
12663 -1 12679 -1 12895 -1 #SUP: 133
12647 -1 12655 -1 #SUP: 184
12647 -1 12651 -1 #SUP: 122
10295 -1 12627 -1 #SUP: 122
12611 -1 12621 -1 #SUP: 225
12603 -1 12621 -1 #SUP: 185
10315 -1 12621 -1 #SUP: 174
10307 -1 12621 -1 #SUP: 179
12571 -1 12575 -1 #SUP: 246
12487 -1 12575 -1 #SUP: 129
10311 -1 12575 -1 #SUP: 128
12487 -1 12571 -1 #SUP: 247
12483 -1 12571 -1 #SUP: 124
10315 -1 12571 -1 #SUP: 120
10311 -1 12571 -1 #SUP: 181
12571 -1 12703 -1 32213 -1 #SUP: 137
12527 -1 12531 -1 #SUP: 147
12523 -1 12531 -1 #SUP: 160
12523 -1 12527 -1 #SUP: 153
12491 -1 12495 -1 #SUP: 122
12487 -1 12495 -1 #SUP: 147
12463 -1 12495 -1 #SUP: 125
12463 -1 12491 -1 #SUP: 122
12483 -1 12487 -1 #SUP: 877
12479 -1 12487 -1 #SUP: 285
12463 -1 12487 -1 #SUP: 204
10315 -1 12487 -1 #SUP: 381
10311 -1 12487 -1 #SUP: 615
10307 -1 12487 -1 #SUP: 263
10295 -1 12487 -1 #SUP: 266
12487 -1 12571 -1 12703 -1 #SUP: 154
12487 -1 12571 -1 32213 -1 #SUP: 138
12487 -1 12695 -1 12703 -1 #SUP: 204
12487 -1 12703 -1 12875 -1 #SUP: 216
12487 -1 12703 -1 32213 -1 #SUP: 315
12487 -1 12703 -1 34893 -1 #SUP: 225
12487 -1 12703 -1 32213 -1 34893 -1 #SUP: 147
12487 -1 12703 -1 12875 -1 34893 -1 #SUP: 131
12487 -1 12703 -1 12875 -1 32213 -1 #SUP: 120
12487 -1 12875 -1 32213 -1 #SUP: 156
12487 -1 12875 -1 34893 -1 #SUP: 187
12487 -1 32205 -1 32213 -1 #SUP: 121
12487 -1 32213 -1 34893 -1 #SUP: 185
12479 -1 12483 -1 #SUP: 290
10315 -1 12483 -1 #SUP: 356
10311 -1 12483 -1 #SUP: 469
10307 -1 12483 -1 #SUP: 239
10295 -1 12483 -1 #SUP: 227
12483 -1 12487 -1 12695 -1 #SUP: 139
12483 -1 12487 -1 12703 -1 #SUP: 259
12483 -1 12487 -1 12875 -1 #SUP: 228
12483 -1 12487 -1 32213 -1 #SUP: 192
12483 -1 12487 -1 34893 -1 #SUP: 167
12483 -1 12487 -1 12703 -1 32213 -1 #SUP: 128
12483 -1 12695 -1 12703 -1 #SUP: 137
12483 -1 12703 -1 12875 -1 #SUP: 122
12483 -1 12703 -1 32213 -1 #SUP: 155
12483 -1 12703 -1 34893 -1 #SUP: 130
10315 -1 12479 -1 #SUP: 163
10311 -1 12479 -1 #SUP: 158
10307 -1 12479 -1 #SUP: 155
10295 -1 12479 -1 #SUP: 153
12479 -1 12483 -1 12487 -1 #SUP: 198
10295 -1 12463 -1 #SUP: 140
12367 -1 12431 -1 #SUP: 120
12355 -1 12431 -1 #SUP: 121
12431 -1 12751 -1 18863 -1 #SUP: 172
12407 -1 12411 -1 #SUP: 176
12399 -1 12411 -1 #SUP: 122
12367 -1 12395 -1 #SUP: 132
12339 -1 12387 -1 #SUP: 134
10877 -1 12355 -1 #SUP: 122
12355 -1 12783 -1 12895 -1 #SUP: 123
12355 -1 12783 -1 18863 -1 #SUP: 126
10877 -1 12339 -1 #SUP: 156
10861 -1 10865 -1 #SUP: 151
10857 -1 10865 -1 #SUP: 142
10857 -1 10861 -1 #SUP: 204
10315 -1 10339 -1 #SUP: 242
10331 -1 10335 -1 #SUP: 235
10315 -1 10335 -1 #SUP: 426
10311 -1 10335 -1 #SUP: 163
10307 -1 10335 -1 #SUP: 158
10295 -1 10335 -1 #SUP: 195
10315 -1 10331 -1 #SUP: 252
10295 -1 10331 -1 #SUP: 130
10311 -1 10315 -1 #SUP: 771
10307 -1 10315 -1 #SUP: 496
10299 -1 10315 -1 #SUP: 186
10295 -1 10315 -1 #SUP: 722
10315 -1 10331 -1 10335 -1 #SUP: 121
10315 -1 12483 -1 12487 -1 #SUP: 182
10315 -1 12487 -1 12703 -1 #SUP: 173
10315 -1 12487 -1 32213 -1 #SUP: 148
10315 -1 12695 -1 12703 -1 #SUP: 143
10315 -1 12703 -1 32213 -1 #SUP: 150
10315 -1 12827 -1 12895 -1 #SUP: 120
10307 -1 10311 -1 #SUP: 621
10299 -1 10311 -1 #SUP: 238
10295 -1 10311 -1 #SUP: 738
10311 -1 10315 -1 10335 -1 #SUP: 133
10311 -1 10315 -1 12483 -1 #SUP: 182
10311 -1 10315 -1 12487 -1 #SUP: 227
10311 -1 10315 -1 12695 -1 #SUP: 122
10311 -1 10315 -1 12703 -1 #SUP: 204
10311 -1 10315 -1 12895 -1 #SUP: 136
10311 -1 10315 -1 32213 -1 #SUP: 156
10311 -1 10315 -1 12487 -1 12703 -1 #SUP: 127
10311 -1 10315 -1 12483 -1 12487 -1 #SUP: 123
10311 -1 12479 -1 12487 -1 #SUP: 121
10311 -1 12483 -1 12487 -1 #SUP: 310
10311 -1 12483 -1 12703 -1 #SUP: 186
10311 -1 12483 -1 12875 -1 #SUP: 148
10311 -1 12483 -1 32213 -1 #SUP: 144
10311 -1 12483 -1 12487 -1 12875 -1 #SUP: 128
10311 -1 12483 -1 12487 -1 12703 -1 #SUP: 154
10311 -1 12487 -1 12571 -1 #SUP: 130
10311 -1 12487 -1 12703 -1 #SUP: 322
10311 -1 12487 -1 12875 -1 #SUP: 222
10311 -1 12487 -1 32213 -1 #SUP: 256
10311 -1 12487 -1 34893 -1 #SUP: 162
10311 -1 12487 -1 32213 -1 34893 -1 #SUP: 122
10311 -1 12487 -1 12703 -1 34893 -1 #SUP: 128
10311 -1 12487 -1 12703 -1 32213 -1 #SUP: 200
10311 -1 12487 -1 12703 -1 12875 -1 #SUP: 136
10311 -1 12571 -1 12703 -1 #SUP: 127
10311 -1 12695 -1 12703 -1 #SUP: 196
10311 -1 12703 -1 12875 -1 #SUP: 167
10311 -1 12703 -1 32213 -1 #SUP: 295
10311 -1 12703 -1 34893 -1 #SUP: 164
10311 -1 12703 -1 32213 -1 34893 -1 #SUP: 130
10311 -1 12875 -1 32213 -1 #SUP: 133
10311 -1 12875 -1 34893 -1 #SUP: 122
10311 -1 32213 -1 34893 -1 #SUP: 160
10303 -1 10307 -1 #SUP: 131
10299 -1 10307 -1 #SUP: 460
10295 -1 10307 -1 #SUP: 916
10291 -1 10307 -1 #SUP: 126
10307 -1 10311 -1 10315 -1 #SUP: 288
10307 -1 10311 -1 12483 -1 #SUP: 143
10307 -1 10311 -1 12487 -1 #SUP: 168
10307 -1 10311 -1 12695 -1 #SUP: 127
10307 -1 10311 -1 12703 -1 #SUP: 167
10307 -1 10311 -1 12895 -1 #SUP: 152
10307 -1 10311 -1 32213 -1 #SUP: 120
10307 -1 10315 -1 12487 -1 #SUP: 127
10307 -1 12483 -1 12487 -1 #SUP: 130
10307 -1 12679 -1 12895 -1 #SUP: 136
10307 -1 12695 -1 12703 -1 #SUP: 139
10307 -1 12815 -1 12895 -1 #SUP: 144
10307 -1 12827 -1 12895 -1 #SUP: 159
10307 -1 33449 -1 33469 -1 #SUP: 132
10295 -1 10299 -1 #SUP: 323
10291 -1 10299 -1 #SUP: 121
10299 -1 10307 -1 10311 -1 #SUP: 216
10299 -1 10307 -1 10315 -1 #SUP: 166
10299 -1 10311 -1 10315 -1 #SUP: 121
10291 -1 10295 -1 #SUP: 158
10295 -1 10299 -1 10307 -1 #SUP: 297
10295 -1 10299 -1 10311 -1 #SUP: 175
10295 -1 10299 -1 10315 -1 #SUP: 143
10295 -1 10299 -1 10307 -1 10315 -1 #SUP: 137
10295 -1 10299 -1 10307 -1 10311 -1 #SUP: 167
10295 -1 10307 -1 10311 -1 #SUP: 417
10295 -1 10307 -1 10315 -1 #SUP: 335
10295 -1 10307 -1 12483 -1 #SUP: 128
10295 -1 10307 -1 12487 -1 #SUP: 152
10295 -1 10307 -1 12679 -1 #SUP: 145
10295 -1 10307 -1 12683 -1 #SUP: 129
10295 -1 10307 -1 12695 -1 #SUP: 213
10295 -1 10307 -1 12703 -1 #SUP: 159
10295 -1 10307 -1 12795 -1 #SUP: 128
10295 -1 10307 -1 12819 -1 #SUP: 121
10295 -1 10307 -1 12827 -1 #SUP: 148
10295 -1 10307 -1 12831 -1 #SUP: 148
10295 -1 10307 -1 12895 -1 #SUP: 246
10295 -1 10307 -1 33449 -1 #SUP: 148
10295 -1 10307 -1 33469 -1 #SUP: 142
10295 -1 10307 -1 12827 -1 12895 -1 #SUP: 121
10295 -1 10307 -1 10311 -1 12895 -1 #SUP: 133
10295 -1 10307 -1 10311 -1 12703 -1 #SUP: 121
10295 -1 10307 -1 10311 -1 10315 -1 #SUP: 205
10295 -1 10311 -1 10315 -1 #SUP: 351
10295 -1 10311 -1 12483 -1 #SUP: 155
10295 -1 10311 -1 12487 -1 #SUP: 182
10295 -1 10311 -1 12695 -1 #SUP: 156
10295 -1 10311 -1 12703 -1 #SUP: 187
10295 -1 10311 -1 12895 -1 #SUP: 187
10295 -1 10315 -1 10335 -1 #SUP: 153
10295 -1 10315 -1 12487 -1 #SUP: 146
10295 -1 10315 -1 12695 -1 #SUP: 134
10295 -1 10315 -1 12703 -1 #SUP: 127
10295 -1 10315 -1 12895 -1 #SUP: 172
10295 -1 12483 -1 12487 -1 #SUP: 141
10295 -1 12695 -1 12703 -1 #SUP: 162
10295 -1 12695 -1 12895 -1 #SUP: 125
10295 -1 12815 -1 12895 -1 #SUP: 137
10295 -1 12827 -1 12895 -1 #SUP: 158
10295 -1 33449 -1 33469 -1 #SUP: 155
